6 6 18 18 18 18 18 18 15 15 18 18 23 23 23 1 1 18 23 18 18 10 6 10 8 8 19 11 16 16 16 16 16 16 16 16 16 16 16 22 22 9 9 9 9 9 9 9 9 18 18 0 0 0 6 0 0 18 15 18 18 18 18 18 18 18 18 18 0 0
23 23 23 23 23 15 23 23 23 18 23 23 15 23 23 18 18 18 23 15 23 10 12 12 8 8 19 11 6 0 16 16 16 16 16 16 16 16 16 16 16 16 16 16 16 16 16 16 16 16 16 16 16 16 16 22 22 22 22 0 0 18 18 18 18 18 18 18 18 18 18 18 18 18 18 18 18 18 18 15 18 18 18
23 23 23 23 23 15 23 23 23 23 23 23 23 23 23 23 23 23 23 23 23 6 10 12 8 8 8 11 11 7 7 2 16 16 16 16 16 16 16 16 16 16 16 16 16 16 3 3 3 3 3 5 5 5 22 22 22 22 22 0 9 18 18 18 18 18 18 15 18 18 15 23 23 15 23 23 23 23 23 23
23 15 15 23 23 23 23 6 6 23 23 15 23 23 23 23 23 15 23 23 1 19 8 8 11 11 0 0 16 16 16 21 21 21 21 21 16 16 16 16 20 20 22 20 3 3 5 5 5 5 5 5 5 0 0 0 9 9 9 9 18 18 18 9 18 18 15 0 18 6 6 18 15 6 6 6 6 23 23 6 15 6 18
18 18 15 18 18 18 18 18 23 18 18 15 15 18 18 18 15 15 18 18 15 10 10 23 15 17 8 15 15 15 18 18 18 18 18 18 18 18 18 6 10 8 8 8 8 11 11 6 16 7 21 21 2 2 2 2 21 2 2 2 2 2 2 2 4 4 4 2 22 3 3 3 3 3 3 5 22 22 9 18 18 18 18 18 15 15 15 18 18 18 18 15 15 15 18 23 23 18 15 15 18 18 15 23 18 18
18 18 18 18 18 18 18 18 18 18 18 18 18 18 18 18 18 18 18 18 23 23 10 12 12 17 23 23 18 1 18 18 18 18 18 18 18 18 18 23 18 18 18 18 18 10 12 12 12 12 8 8 8 11 16 16 16 16 16 16 16 16 5 5 5 5 5 5 5 5 5 5 5 5 5 22 22 22 22 22 22 9 9 9 9 9 9 9 9 9 9 13 18 18 18 18 18 1 18 0 18 18 18
18 18 18 18 18 18 18 18 18 18 18 18 18 18 18 18 18 18 18 18 15 15 17 6 8 8 17 15 15 18 15 6 17 19 23 17 23 23 15 23 15 15 18 18 18 18 23 23 1 23 10 8 8 11 11 1 7 2 2 2 21 21 21 21 21 21 21 21 21 21 21 21 21 21 21 21 21 21 21 21 16 16 5 5 3 3 3 5 5 5 22 22 22 0 0 0 0 0 18 18 18 18 18 18 15 15 15 15 23 15 15 15 15 15 18 18 18 15 18 18
18 15 18 18 23 23 23 23 23 23 18 18 1 13 1 1 18 18 15 18 23 10 12 12 12 12 12 8 8 11 7 7 7 7 7 7 7 7 2 2 2 2 2 16 2 2 2 2 2 16 16 16 16 16 2 16 2 22 22 3 3 3 3 22 3 3 3 5 22 22 9 9 9 9 9 9 13 18 18 18 18 18 18 18 18 18 18 18 18 18 18 18 18 18 18 18 18 18
15 15 15 15 15 15 15 15 18 18 15 23 23 15 15 18 15 15 23 23 15 17 8 8 8 11 11 11 11 16 21 2 21 21 2 2 2 2 2 21 21 2 2 2 2 2 2 2 2 21 21 21 16 16 2 3 3 3 3 9 9 9 9 9 9 9 9 0 18 18 18 18 15 15 15 15 18 15 15 15 15 23 15 15 15 23 18
15 23 23 23 23 15 23 23 23 23 23 23 23 23 18 18 18 18 18 18 18 19 19 23 18 15 23 23 17 15 15 23 23 23 23 23 23 23 17 23 17 17 10 12 12 12 12 8 8 11 11 16 21 21 21 21 21 21 21 21 21 21 21 21 21 21 4 4 4 4 4 3 4 3 3 3 3 5 5 22 22 22 13 13 14 14 13 9 9 9 9 9 9 9 0 0 0 0 0 0 0 0 0 0 0 0 0
9 9 1 1 1 13 1 1 1 1 9 18 1 18 18 15 15 18 18 23 23 19 15 18 15 18 18 23 23 15 8 12 8 8 8 11 11 11 11 7 2 2 2 2 2 21 21 21 16 21 16 2 16 16 2 16 16 16 16 16 16 16 16 16 16 22 0 0 0 15 10 18 18 13 0 18 18 18 18 18 18 6 18 18 18 18 18 18 18 18 18 18 18 18 18 18 18 18 6 18 18
18 15 18 18 18 18 18 18 18 15 15 15 18 15 18 0 0 18 18 18 18 1 1 1 18 18 18 18 15 15 15 18 18 18 18 23 10 8 8 8 11 16 16 16 16 16 16 16 16 16 16 16 16 16 5 5 5 5 3 22 22 22 13 13 18 18 18 18 18 0 6 18 18 18 18 15 15 15 15 18 15 15 15 18 18 15 18 18
23 15 15 23 15 1 15 23 23 23 23 18 1 15 18 18 18 23 15 15 17 23 10 8 8 8 8 11 16 16 16 16 16 16 16 16 21 21 21 21 21 21 21 21 4 4 4 5 5 5 3 22 22 22 0 9 9 18 18 9 18 18 18 18 15 6 6 6 15 6 15 15 15 23 15 23 15 15 15
23 23 23 23 23 23 23 23 23 23 23 23 23 15 18 18 23 23 23 23 23 8 12 8 8 11 11 7 16 21 21 21 21 21 21 21 16 16 16 3 3 3 5 5 5 5 5 5 5 5 5 5 5 3 3 22 9 9 9 9 1 1 18 18 18 15 18 18 18 18 23 23 23 23 23 23 23 23 23 23 23 23 23 23
23 23 23 23 17 15 15 15 15 18 18 15 15 18 15 15 23 23 23 23 15 10 12 8 8 8 11 11 7 16 7 16 16 7 7 7 7 7 7 7 21 21 21 21 21 21 2 21 21 16 16 3 22 22 22 22 13 13 13 13 18 13 13 13 13 18 13 18 0 0 9 0 0 0 0 13 0 13 0 0 0 0 0
15 15 15 15 15 15 18 18 15 15 15 18 23 18 23 15 23 15 15 15 23 10 10 8 8 19 11 16 16 16 16 16 16 16 16 21 16 16 16 16 16 4 5 3 22 22 22 22 13 9 9 18 18 18 18 18 18 18 15 18 6 6 6 6 6 18 18 6 18 6 15 15
15 18 6 6 15 15 6 6 6 6 6 15 0 0 0 18 6 15 15 15 6 6 10 10 8 11 11 11 7 16 16 21 21 21 21 21 4 4 4 4 4 3 3 3 5 5 3 3 14 14 14 9 9 9 9 9 9 9 9 9 0 6 0 18 18 6 6 6 6 15 15 15 15 18 18 18 0 18 18 18 6 6 6 18 18 18 18 6 6 6 18 18 15 15 18 6 6 18 18 6 10 10 15 18 15 6 6 6 18 6 15 6 6 18 18 6 15 6 6 6 15 6 6 6 6 6 18 15 15 6 18
23 23 23 23 23 18 18 23 23 23 23 23 18 18 6 0 9 9 9 18 1 10 12 8 8 8 11 11 16 16 16 16 16 16 16 16 16 16 16 16 16 16 16 21 21 21 21 5 5 5 5 5 5 5 5 22 22 22 22 22 0 13 1 1 18 18 23 23 23 23 23 23 23 23 23 23 23 23 23 23 23 23 23 23 23 23 23
18 18 18 18 18 18 18 15 15 15 15 15 15 15 6 6 18 18 18 18 18 18 6 11 11 11 6 6 1 16 21 21 21 21 21 21 21 21 21 21 21 21 16 21 16 16 7 0 6 6 6 6 0 1 9 9 9 9 9 9 18 18 0 0 0 0 0 0 0 0 0 0 0 0 0
15 17 17 15 17 17 17 17 17 17 17 17 15 15 15 17 15 17 17 17 23 19 8 8 8 8 19 11 6 16 21 21 21 21 21 16 21 16 16 16 16 16 16 16 16 16 21 4 16 4 16 4 22 22 16 3 3 16 3 22 0 0 0 18 18 15 18 18 18 15 15 15 15 18 18 18 6 0 15 15 15 15 15 15 6 17 6 6
15 15 15 6 15 15 15 15 15 15 15 18 18 18 18 15 15 1 9 1 1 1 1 1 1 23 23 15 15 15 15 18 1 23 17 19 23 18 1 9 9 9 0 0 15 15 15 17 10 15 10 12 12 12 8 8 8 11 6 16 16 16 16 16 22 22 22 22 22 22 22 22 22 22 4 22 22 2 2 22 2 22 22 5 16 22 22 22 22 9 9 9 9 9 9 9 0 0 0 0 0 0 0 0 0 18 6 6 6 6 15 15 15 23 23 23 15
23 18 18 23 18 15 15 18 23 23 23 18 18 23 23 17 23 23 23 23 23 1 1 23 12 12 0 0 6 6 23 17 17 23 17 10 8 12 8 8 8 11 11 21 21 21 21 21 21 21 21 21 21 21 21 21 21 21 21 5 5 5 5 3 22 3 0 22 22 22 22 9 9 9 9 9 9 9 9 9 9 9 9 9 9 9 9 9 18 18 9 9
1 18 18 18 18 18 23 23 18 18 23 23 23 23 23 23 23 23 23 23 23 10 12 12 12 12 8 8 8 8 8 11 7 21 21 21 21 21 21 21 16 16 16 3 16 5 5 5 5 5 5 5 5 5 5 5 5 5 5 5 5 5 22 22 14 14 14 1 1 9 9 1 1 9 9 9 9 9 18 18 18 18 18 18 18 18 18 18 18 18 18 18 18 18 18 18 18 18
18 9 1 9 1 13 18 18 18 18 18 18 15 23 15 18 18 18 15 23 23 23 23 23 23 23 8 8 8 8 11 11 11 7 16 16 16 16 16 16 16 16 16 16 16 16 16 16 16 16 16 16 16 16 16 16 16 16 16 16 16 0 0 7 16 7 16 22 20 9 1 1 9 13 9 9 9 9 18 18 18 18 18 18 18 18 15 17 18 18 18 18 18 15 18 18 15 15
15 15 23 15 15 15 15 15 15 15 15 17 15 17 17 23 17 17 17 17 1 10 8 8 11 7 21 21 21 21 21 21 21 21 21 21 21 4 4 4 4 22 22 3 3 3 3 3 22 22 22 22 0 0 9 1 18 18 15 0 0 6 6 15 15 15 15 15 15 15 15 15 15 15 15 17 17 23
15 15 18 15 18 15 15 15 6 18 18 18 15 15 15 15 15 6 15 15 18 23 23 15 18 15 15 15 15 18 18 18 15 15 15 18 18 18 18 15 10 17 15 15 15 15 15 6 18 18 15 15 15 15 18 9 10 8 8 8 8 8 8 8 11 11 16 16 16 16 16 16 16 16 16 16 16 16 16 16 21 21 21 4 4 4 4 4 4 4 22 3 3 14 14 9 14 9 9 9 9 0 9 9 18 18 18 0 0 18 18 18 15 18 6 15 18 18 15 18 15 15 18 18
23 23 15 15 18 15 18 18 18 18 18 18 18 15 13 0 6 6 6 15 6 17 17 0 0 17 10 12 12 8 8 8 11 7 21 21 21 21 21 21 21 21 21 21 21 21 21 21 21 21 21 5 5 5 3 3 3 9 9 9 9 9 18 18 18 18 18 1 18 18 9 9 18 9 18 18 18 18 18 15 15 18 18 18 18
23 23 23 23 23 23 23 23 23 23 23 23 23 23 23 23 23 23 23 23 23 23 19 8 8 8 11 11 11 16 16 16 16 16 16 16 16 16 16 16 16 16 16 16 21 3 3 3 3 3 3 3 3 3 3 3 22 9 9 9 18 18 13 9 13 18 18 18 18 15 18 18 0 6 6 0 0 6 0 0 18 6 0 18
18 18 18 18 18 15 18 18 15 6 6 23 23 15 18 15 23 23 23 17 19 8 8 8 19 11 16 16 21 21 21 21 21 21 21 21 21 21 21 4 21 21 5 5 5 5 5 22 14 22 22 9 9 18 18 18 18 18 18 18 15 18 15 15 15 15 15 15 15 15 15 15 15 15 6 6
23 23 23 23 23 23 1 1 23 23 23 18 23 23 23 23 23 15 23 23 17 19 19 8 12 12 12 12 8 8 8 11 16 16 16 16 16 16 16 16 16 16 16 16 16 16 16 16 16 16 16 3 3 3 3 3 3 5 5 5 5 5 22 22 14 14 14 14 14 14 14 14 14 9 9 13 13 0 13 13 18 18 18 18 18 18 18 18 18 18 18 18 18
15 18 23 18 18 15 15 15 15 18 18 6 18 18 18 0 9 9 9 9 9 1 1 19 8 17 6 18 18 19 19 18 18 18 18 18 23 23 15 15 6 18 18 23 18 23 23 18 23 18 15 1 10 8 8 8 8 11 11 7 7 16 16 16 16 16 16 16 16 16 16 5 5 5 5 5 22 22 22 22 22 13 14 9 9 9 9 9 9 9 9 9 9 9 13 13 0 0 0 13 13 18 18 18 18 13
18 23 23 18 18 23 23 23 23 23 23 17 23 23 23 17 23 23 23 23 23 18 1 10 8 12 12 8 8 8 8 11 7 7 16 16 16 21 16 16 16 16 16 16 16 16 21 21 21 21 21 21 3 3 5 5 5 5 5 5 5 5 3 22 14 14 14 20 20 9 9 13 13 14 9 9 9 9 9 18 18 18 18 18 18 18 23 23 23 23 23 23 23
18 18 18 18 18 15 18 18 18 18 18 15 18 18 18 18 15 18 18 18 23 17 23 17 17 19 19 15 6 18 18 18 18 15 18 18 18 15 15 18 18 18 15 18 6 10 8 19 11 11 16 21 21 21 21 21 21 21 21 21 21 21 21 21 21 21 21 5 5 5 5 5 5 22 22 22 0 18 18 18 18 18 18 18 15 15 18 18 15 18 18 18 18 18 18 15 15 15 15
23 1 23 23 23 23 23 23 23 17 19 17 23 23 23 19 15 18 15 15 15 15 15 23 17 23 23 1 10 8 8 8 11 0 2 2 2 2 2 2 2 2 2 2 2 16 5 5 5 5 5 22 22 22 6 23 0 0 0 0 0 0 0 0 0 0 0 0 0 0 0 0 0 0 0 0 0 0 0 0 0 0 0 0 0
23 23 23 23 15 23 15 15 23 18 15 15 18 18 18 15 15 15 18 18 18 10 12 8 23 23 23 1 23 17 23 23 15 18 18 18 18 6 6 23 23 15 17 12 12 8 8 8 11 11 16 16 16 16 16 16 16 16 16 16 16 4 4 4 4 4 4 4 4 4 4 4 3 22 22 22 22 9 9 9 9 9 9 9 9 9 9 0 18 18 0 15 15 6 15 6 6 6 6 6 6 15 15
15 23 23 15 15 15 15 15 15 15 15 15 23 15 15 15 15 18 23 15 15 15 10 8 8 8 8 11 11 0 2 2 2 2 2 2 2 2 2 2 2 2 2 2 2 2 2 2 2 2 2 2 21 21 21 21 16 16 16 0 0 9 13 13 9 9 9 9 9 18 18 18 9 18 9 18 18 18 18 18 18 18 18 18 18 18 18
18 18 18 18 18 15 18 18 18 15 18 18 18 18 18 18 18 18 18 18 23 23 6 15 18 18 18 18 18 9 18 18 18 18 18 18 18 18 18 0 6 19 19 6 15 15 15 15 15 18 18 1 10 12 12 12 8 8 8 8 8 11 11 16 2 2 2 2 2 2 2 2 2 2 4 4 4 4 4 4 4 4 4 5 5 5 5 22 22 9 0 0 18 18 18 18 15 18 18 18 18 18 15 18 18 18 15 15 18 18 15 18 18
18 23 18 15 23 15 18 15 17 18 1 1 18 15 15 23 23 23 23 23 23 6 10 8 8 8 8 19 11 7 16 16 16 16 16 16 16 16 16 22 5 5 5 5 5 5 5 5 22 22 22 22 22 3 22 0 0 0 15 15 18 15 18 18 15 18 15 15 23 23 15 15 15 15 23 23 23 23
18 15 18 18 15 18 18 18 18 18 18 18 18 1 1 18 18 23 18 18 23 17 6 6 15 18 17 17 18 18 18 18 18 18 18 1 10 8 8 8 8 8 11 11 7 16 16 16 16 16 16 16 16 16 16 5 3 5 5 5 5 5 5 5 5 5 16 5 22 22 9 1 1 1 9 13 1 1 1 1 1 1 1 1 1 18 18 1 18 1 18 18 18 18 18 18 18
