23 23 23 23 23 17 23 23 23 17 23 23 17 23 23 23 23 23 23 23 18 0 0 6 23 23 23 23 23 23 23 6 23 23 23 18 1 6 19 10 11 11 0 5 5 5 5 5 5 5 5 5 5 5 5 5 5 5 5 16 3 3 3 3 3 3 3 3 3 9 9 9 9 9 9 1 9 9 9 9 18 18 18 15 15 6 6 6 6 6 6 6 6 6 6 6 23 6 23
6 23 23 23 23 23 23 23 23 23 23 23 23 23 23 23 23 23 23 23 1 1 23 1 1 23 23 15 23 23 23 23 23 17 23 11 16 5 5 5 5 5 5 5 5 5 5 5 5 5 5 5 5 5 3 3 3 3 3 3 3 3 3 9 9 18 1 1 1 1 1 1 18 18 18 18 18 18 18 18 18 18 18 18 18 18 15 18 6 15 15 23
15 15 23 15 23 23 23 17 23 17 23 23 23 23 23 23 23 23 23 19 19 19 19 19 19 19 8 11 16 5 5 5 5 5 5 5 5 5 5 5 5 5 5 5 5 5 5 22 22 22 3 3 3 3 3 3 3 3 3 3 3 3 3 9 9 1 1 1 1 1 1 1 1 23 23 6 23 23 17 17 17 17 17 23 17 23 23 23 23 6
6 17 6 17 17 17 17 17 17 17 17 23 23 23 17 17 17 6 6 23 19 17 1 1 1 15 1 18 18 15 15 23 17 17 17 17 6 23 23 23 15 23 19 19 19 19 19 19 19 19 19 19 8 19 11 5 5 5 5 5 5 5 5 5 5 5 5 5 5 5 5 5 5 5 5 5 5 4 3 3 3 3 3 3 3 3 3 3 3 3 3 3 3 9 1 1 1 1 1 18 15 15 6 6 6 6 6 6 6 6 6 6 6 6 6 6 6 6 6 6 6
23 23 17 17 23 23 23 23 23 23 23 17 17 17 23 23 23 23 23 23 1 11 11 22 5 5 5 5 5 5 5 5 5 5 5 5 5 5 5 5 5 5 3 3 3 3 3 3 3 3 3 3 3 3 3 3 9 9 9 1 1 1 1 1 15 23 15 23 23 23 23 23 17 17 23 23 23 23 23 17 23 23 23 23 23
23 23 23 23 23 23 23 23 23 23 23 23 23 23 23 23 23 19 19 19 10 10 19 19 19 8 8 11 11 5 5 5 5 5 5 5 5 5 5 5 5 5 5 5 5 5 5 5 5 3 3 3 3 3 3 3 3 3 3 20 20 20 9 9 1 1 1 1 1 18 18 23 23 23 23 23 23 23 23 23 23 23 23 23 23 23 23
23 23 23 23 23 23 23 23 23 23 23 23 23 23 23 17 23 23 23 23 23 19 19 8 19 23 1 18 17 17 19 19 19 19 23 23 23 23 18 6 23 19 19 19 19 19 19 10 19 19 19 11 16 5 5 5 5 5 5 5 5 5 5 5 5 5 5 5 5 5 5 5 5 5 3 3 3 3 3 3 3 3 3 3 3 3 3 3 3 3 3 3 3 3 16 22 14 14 9 1 1 13 13 13 18 18 18 18 18 18 6 6 6 23 6 6 6 6 6 6 18 6 6 18
17 23 17 17 17 23 23 17 17 23 17 23 17 17 23 17 17 17 17 23 23 1 23 17 17 23 23 23 19 19 19 19 19 19 19 19 19 19 19 19 11 0 5 5 5 5 5 5 5 5 5 5 5 5 5 5 5 5 5 5 5 5 5 5 5 3 3 3 3 3 3 3 3 3 3 3 3 3 3 3 3 3 3 22 9 1 1 1 1 1 1 1 1 18 18 15 15 15 6 6 6 6 6 6 6 6 6 6 6 17 17 6
23 23 23 23 23 23 23 23 23 17 23 23 23 23 23 17 17 17 17 17 6 2 2 2 5 5 5 5 5 5 5 5 5 5 5 5 5 5 5 5 5 5 5 20 20 3 3 3 3 3 3 3 20 0 9 1 1 1 1 1 1 1 18 23 23 23 17 23 23 23 23 23 23 23 23 23 23 23 23 23 23
23 17 23 23 23 17 17 17 23 23 17 17 17 17 17 23 23 17 23 23 8 12 23 23 23 17 8 8 17 23 23 23 23 17 17 17 17 23 23 17 15 6 10 18 6 19 19 19 10 8 8 8 8 12 12 8 11 5 5 5 5 5 5 5 5 5 5 5 5 5 5 4 5 4 4 4 4 4 4 4 3 3 3 3 3 3 3 3 3 3 3 3 3 9 1 1 1 1 1 9 9 9 0 0 0 0 0 0 0 0 0 0 0 0 0 0 0 0 0 0 0 0 0 0
23 23 23 23 23 23 23 23 23 23 23 23 23 23 23 23 23 23 23 6 19 8 8 17 23 23 23 23 23 23 23 23 23 23 23 23 1 1 1 23 19 19 19 8 8 8 8 8 8 10 8 8 8 11 11 5 5 5 5 5 5 5 5 5 5 5 5 5 5 5 5 5 5 5 22 3 3 3 3 3 3 3 3 3 3 3 3 14 9 1 1 13 13 1 11 11 13 18 18 18 18 17 6 18 18 18 18 23 23 23 23 18 23
23 9 9 23 23 17 23 23 23 23 15 15 15 1 18 15 23 23 23 23 23 19 19 19 19 11 11 16 5 5 5 5 5 5 5 5 5 5 5 5 5 5 5 5 5 5 5 22 22 20 13 13 13 9 9 18 18 18 6 6 6 6 6 6 6 17 23 6 6 23 23 23 6 23 15 23 23 23 23 23
23 17 23 23 23 23 23 17 23 23 23 23 23 23 6 6 6 23 23 23 23 23 23 18 6 17 17 6 23 6 23 6 23 6 6 10 10 19 19 19 19 19 19 19 11 11 5 5 5 5 5 5 5 5 5 5 5 5 5 5 5 5 5 5 5 3 3 3 3 3 3 3 3 3 3 3 3 20 9 1 1 1 1 15 15 23 17 23 23 23 23 23 23 23 17 23 23 23 17 23 23 23 23 23 23 23
17 23 23 23 23 17 23 23 17 23 17 17 23 23 6 6 23 23 17 6 6 23 6 23 19 19 19 0 5 5 5 5 5 5 5 5 5 5 5 3 3 3 3 3 3 3 3 3 3 3 3 3 3 16 22 20 22 13 1 1 1 1 1 1 18 1 18 18 18 23 23 18 23 23 23 23 23 23 23 23 23 23 23 23 23
1 6 23 23 23 17 19 19 19 19 19 10 8 8 8 8 11 5 5 5 5 5 5 5 5 5 5 5 5 5 5 5 5 5 5 3 3 3 3 3 3 3 3 3 3 9 9 18 18 1 1 1 1 1 18 18 18 18 6 6 6 6 6 6 6 23 6 6 6 6 23 6 6 18
23 23 23 6 6 6 6 6 6 6 6 6 6 23 6 6 6 6 6 6 8 8 17 6 6 23 6 6 6 18 18 6 6 10 6 6 6 6 6 6 6 1 1 1 23 23 23 6 6 6 23 6 19 19 19 10 10 8 10 11 11 11 0 5 5 5 5 5 5 5 5 5 5 5 5 5 5 5 5 5 3 3 3 9 15 15 1 14 3 9 14 1 1 1 1 1 1 1 1 1 1 1 1 1 1 1 1 1 1 1 18 1 1 18 18 18 18 18 18
23 23 23 23 6 23 6 23 23 23 23 23 23 23 23 23 23 23 23 18 14 11 10 1 1 1 6 23 23 23 1 1 11 11 20 5 5 5 5 5 5 5 5 5 5 5 5 5 5 3 3 3 3 3 3 3 3 9 9 9 9 18 18 23 6 23 23 23 23 23 23 23 23 23 23 23 23 23 23 23 23 23 23 23 23
23 23 23 23 23 23 23 23 23 23 23 17 23 23 23 23 23 23 23 23 17 1 1 19 19 19 19 19 19 19 8 8 11 5 5 5 5 5 5 5 5 5 5 5 5 5 5 5 5 5 5 5 5 5 5 5 5 5 5 5 5 4 5 3 3 3 3 3 3 3 3 20 20 20 20 1 1 1 1 1 1 18 23 23 23 23 23 23 23 23 23 17 23 23 23 17 23 23 23 23 23 23 23
23 23 23 23 23 23 23 23 23 23 23 23 23 23 23 18 13 18 23 1 23 19 19 19 23 0 5 21 21 21 21 21 5 5 5 5 5 5 5 5 16 16 16 3 3 3 3 3 3 3 3 3 3 3 3 14 14 9 9 9 1 18 18 18 18 23 23 23 23 23 23 23 23 23 23 23 23 23 23 23 23 23 23 23
17 17 17 17 17 17 23 17 17 17 17 17 17 17 17 17 23 23 17 17 17 17 19 19 11 11 5 4 4 4 4 4 5 5 5 5 5 5 5 5 5 5 16 5 5 3 3 3 3 3 3 3 3 3 3 3 3 3 3 9 0 18 1 23 15 18 18 15 15 15 6 23 23 23 6 6 6 6 6 6 17 6 15 6 6 6 6 6 6 6 6 6 6 6 6 6 6 6 6 6 6 6 6
23 17 17 17 6 23 23 23 23 6 23 6 23 23 18 23 23 17 1 1 23 19 19 19 23 23 23 23 23 17 23 6 6 18 18 1 9 0 6 0 10 10 10 10 10 19 10 10 10 11 11 20 3 5 5 5 5 5 5 5 5 5 5 5 5 5 5 3 3 3 3 3 3 3 3 3 3 3 22 14 1 1 1 1 1 1 1 1 1 1 18 18 18 18 6 6 6 6 6 6 6 6 6 23 6 23 23
17 17 17 17 17 17 6 6 17 17 17 17 17 17 17 6 17 17 17 17 17 15 1 18 17 17 17 6 17 17 23 18 0 6 6 19 19 19 19 8 8 8 11 16 5 5 5 5 5 5 5 5 5 5 5 5 5 5 5 5 5 3 3 3 3 3 3 3 3 3 3 20 20 20 0 9 9 9 1 1 1 1 18 18 18 18 18 15 6 15 15 15 23 23 15 23 15 23 23 6 15 23 23
6 6 23 23 17 6 6 6 6 15 23 23 23 23 23 6 23 23 23 17 23 19 8 19 23 1 1 1 1 18 0 10 10 8 8 8 8 8 10 8 8 8 8 10 11 11 5 4 4 4 5 4 4 4 4 4 4 4 4 4 4 4 4 4 4 3 3 3 3 3 3 3 3 3 3 3 3 3 20 9 9 9 18 15 18 18 1 1 18 18 18 0 0 18 0 18 9 0 18 18 1 1 6 18 6 6 6 6 6 15 6 6 6 6 6 6 6 6 6 6 6 6 6 15 15 6 23 6 6 6 23
23 23 23 23 23 23 23 1 23 23 23 23 23 23 23 23 23 23 17 23 23 6 10 19 8 8 11 11 7 5 5 5 5 5 5 5 7 7 7 5 5 5 5 5 5 5 5 3 3 3 3 3 3 3 3 3 3 3 3 0 0 1 1 1 1 1 1 1 1 1 1 1 1 1 1 1 1 1 1 1 1 1 1 1 1 1 1 1 1 1 1 18
17 17 17 6 15 15 15 23 23 17 17 17 17 17 17 17 17 17 17 19 19 19 19 19 11 5 5 5 5 5 5 5 5 5 5 5 5 5 5 5 5 5 5 5 5 5 3 3 3 3 3 3 3 3 3 3 3 3 0 0 6 23 23 6 6 6 6 17 17 17 17 17 19 17 17 17 17 17 17 17 17 17 17 17 17
17 17 1 1 23 23 17 17 23 1 18 17 17 17 17 19 17 19 19 19 19 19 19 11 0 5 5 5 5 5 5 5 5 5 5 5 5 5 5 5 5 5 3 3 3 3 3 3 3 3 3 3 3 9 9 9 1 1 1 1 1 18 18 15 23 23 6 23 6 17 23 17 17 23 17 17 17 17 17 17 17 17 23
23 23 23 17 17 23 23 17 23 23 23 23 23 15 18 18 18 18 18 6 17 19 19 19 8 19 19 19 11 5 5 5 5 5 5 5 5 5 5 5 5 5 5 5 5 5 5 3 3 3 3 3 3 3 3 3 3 3 9 9 9 9 9 9 9 1 9 1 1 18 18 18 18 18 1 1 18 15 23 23 23 23 23 23 17 23 23 23 23
23 18 18 18 23 18 23 18 6 18 18 18 18 23 18 13 23 23 23 23 23 8 8 23 23 23 23 23 18 6 10 10 10 8 8 8 8 8 11 11 11 5 5 5 5 5 5 5 5 5 5 5 5 5 5 5 5 5 5 3 3 3 3 3 3 3 3 3 3 3 3 9 9 9 9 1 1 1 18 18 23 23 23 23 23 23 23 23 23 23 23 23 23 23 23 23 23 23 23
6 6 6 23 23 23 6 23 23 6 6 23 6 6 23 23 23 23 23 23 23 8 8 17 23 23 18 18 0 1 23 6 11 19 19 11 11 0 5 5 5 5 5 5 5 5 5 5 5 5 5 5 21 21 21 21 4 4 3 3 3 3 22 0 9 9 9 0 18 18 18 18 6 6 23 6 6 23 23 6 6 6 23 23 17 6 17 23 23 23
23 23 23 23 23 23 23 23 23 23 23 23 23 23 23 23 23 23 18 9 10 8 23 13 18 23 1 23 19 19 19 19 19 19 19 19 19 19 8 8 8 11 16 5 7 5 5 5 5 5 5 5 5 5 5 5 5 5 5 5 3 3 3 3 3 3 3 3 3 3 3 3 3 3 9 9 9 1 1 1 1 1 13 1 1 13 1 13 13 13 13 13 18 18 18 18 18 18 18 6 18 18 18 6
23 23 23 23 23 23 23 23 23 23 23 23 23 18 18 23 18 15 18 6 13 6 17 17 15 15 23 23 23 23 23 18 0 13 1 6 10 10 10 10 10 10 10 10 10 8 8 8 8 8 8 8 11 16 5 5 5 5 5 5 5 5 5 5 5 5 5 5 5 5 5 5 5 2 2 20 20 20 3 3 20 20 3 3 9 9 0 9 9 14 14 14 14 1 13 1 13 13 13 13 13 13 13 13 13 13 1 0 0 0 0 0 0 18 0 18 18 18 18
23 23 23 23 23 23 23 23 23 23 23 23 23 23 23 23 23 23 23 23 18 6 10 19 10 19 8 8 8 8 8 19 11 5 5 5 5 5 5 5 5 5 5 5 5 5 5 5 5 5 5 3 3 3 3 3 3 3 3 3 3 3 3 3 3 3 3 3 20 20 1 1 1 1 1 1 1 1 23 1 1 18 18 23 23 23 23 23 23 23 23 23 23 23 23 23 23 23
23 23 17 17 23 23 23 6 17 23 23 23 23 23 23 23 23 23 23 17 19 15 10 10 8 19 19 11 11 11 5 5 5 5 5 5 5 5 5 5 5 5 5 5 5 5 5 5 5 3 3 3 3 3 3 3 3 20 14 9 9 9 1 1 1 18 18 18 6 6 15 6 15 23 23 23 23 6 23 17 6 23 23 23 6 23 23
6 23 6 6 23 23 8 19 19 23 23 1 23 23 23 23 23 23 23 23 19 19 19 19 19 19 19 19 19 19 11 11 16 5 2 2 2 5 5 5 5 5 5 5 5 5 5 5 5 3 3 3 3 3 3 3 3 3 3 20 9 9 1 15 19 1 0 0 0 0 0 0 6 0 0 6 6 6 0 6 6 6 6 0 6 6 6 6 6
17 17 17 17 17 17 17 17 17 17 17 17 17 17 17 17 17 17 17 19 19 19 19 19 19 11 11 5 5 5 5 5 5 5 5 5 5 5 5 5 5 5 5 3 3 3 3 3 3 3 3 9 9 9 1 1 1 1 1 1 1 1 1 1 1 1 1 1 6 23 6 6 15 15 6 6 6 6 6 6
17 17 17 17 17 17 17 17 17 17 23 23 23 17 17 19 19 19 19 19 0 22 14 14 2 2 2 5 5 5 5 5 5 5 5 5 5 5 5 5 5 5 3 3 3 3 3 3 16 16 20 20 20 9 1 1 1 1 23 1 18 18 15 18 15 23 15 23 1 23 23 23 23 23 15 23 23 17 17 17
6 6 6 6 23 23 23 23 23 23 23 23 23 23 1 23 23 23 23 6 1 1 1 18 0 18 6 19 19 19 19 19 19 10 12 10 8 19 11 5 5 2 5 5 5 5 5 5 5 5 5 5 5 5 5 5 3 3 3 3 3 3 3 3 3 3 3 3 3 3 22 9 0 15 23 23 23 23 23 23 23 23 23 23 23 23 23 23 23 23 23 23 23 6 23 23 23 23
23 23 23 23 23 23 23 23 23 23 23 23 23 23 17 17 23 23 18 1 1 1 6 19 19 11 11 11 11 11 11 11 10 11 16 5 5 5 5 5 5 5 5 5 5 5 5 5 5 5 5 5 5 3 3 3 3 3 3 3 3 3 9 9 9 9 9 9 9 1 18 23 23 23 23 23 23 23 23 23 23 23 23 23 23 23 23 23 23 23
23 23 23 23 23 23 23 23 23 23 23 23 23 23 23 23 23 23 23 23 23 1 1 23 23 23 23 23 23 23 23 23 23 23 23 23 18 1 23 23 23 23 23 23 23 23 23 23 23 1 1 1 19 19 10 10 10 10 10 19 8 11 11 11 16 5 5 5 5 5 5 5 5 5 5 5 5 5 5 5 3 3 3 3 3 3 3 3 3 3 3 3 3 3 3 3 3 20 20 1 1 1 1 1 1 1 1 1 1 18 18 18 1 18 18 18 18 6 23 23 23 6 18 18 23
