13 13 18 0 0 13 13 14 14 13 13 14 14 13 13 18 13 13 18 13 13 6 6 10 10 10 8 8 8 10 11 11 16 16 16 4 4 4 4 22 22 0 0 13 18 13 3 20 10 10 10 10 10 10 10 10 10 10 19 11 11 11 6 6 11 11 1 14 9 14 9 9 13 13 13 13 13 13 13 18 13 13 0 13 13 13 13 0 0 13 0 13 18 18 13 0 13
13 13 13 13 13 13 13 13 13 13 13 13 13 13 13 13 13 13 9 9 1 6 10 10 8 12 12 12 12 12 12 12 12 11 11 22 4 4 4 4 4 4 4 4 4 4 4 4 4 4 4 4 22 13 13 13 20 20 9 15 19 10 8 8 8 12 12 12 12 8 12 8 8 8 8 8 8 11 11 11 0 13 14 13 13 13 13 13 13 13 13 13 13 13 13 13 13 13 13 13 13 13 13 13 13 13 13 13 13 13
18 18 18 18 18 18 9 13 9 18 18 18 18 18 18 18 13 18 18 18 13 1 1 9 14 14 13 13 0 18 18 1 1 6 0 13 13 18 18 18 18 18 18 9 9 9 9 18 6 15 10 10 10 10 10 10 10 10 10 10 11 7 16 16 16 16 16 16 16 16 16 16 4 16 4 4 4 4 16 2 22 0 18 18 18 18 9 0 0 10 10 10 19 19 10 10 10 10 10 10 19 17 17 17 15 15 18 13 9 9 0 0 18 18 18 18 18 18 18 18 18 18 18 18 18 18 18 18 18 18 18 18 0 13
13 13 13 13 13 13 13 14 14 14 14 14 14 13 13 13 13 13 13 13 13 1 1 19 8 12 12 12 12 12 12 12 12 12 12 12 12 12 8 11 22 4 4 4 4 4 4 4 4 4 4 4 4 4 4 4 22 14 13 13 13 13 13 13 13 14 14 9 15 10 10 8 8 8 8 8 8 8 8 8 8 8 8 8 19 17 17 15 0 9 14 14 14 14 14 14 14 14 13 14 13 13 14 13 13 13 13 13 13 14 13 13 13 13 14 14 14
13 13 13 13 13 13 13 13 13 13 13 13 13 13 13 13 13 13 14 14 9 0 10 10 10 10 12 12 12 8 8 8 12 12 12 12 12 8 11 11 22 4 4 4 4 4 4 4 4 4 4 4 22 22 13 13 13 13 13 13 14 3 10 10 12 12 12 12 12 12 12 8 8 8 11 11 11 18 13 14 14 14 14 14 14 14 14 14 13 14 9 9 9 13 13 13 13 13 13 13 13 13 13 13 13 13 13
13 13 13 13 13 13 13 13 13 13 13 13 13 13 13 13 13 13 13 18 6 13 13 13 13 13 13 13 13 13 13 13 13 9 13 13 13 13 23 23 23 13 13 13 13 13 18 13 9 0 10 10 10 12 12 12 12 12 10 10 10 10 10 12 12 11 16 5 5 5 5 5 5 2 2 2 2 2 22 22 0 13 13 13 13 3 10 10 10 10 10 10 10 10 10 10 10 10 10 10 11 11 11 13 14 9 9 9 9 13 13 13 13 13 13 13 13 13 13 13 6 6 13 13 13 13 18 13 13 13 13
13 13 14 13 14 13 13 13 13 13 13 13 13 13 13 13 13 13 15 13 18 18 6 11 6 23 13 13 13 13 13 13 13 13 13 13 13 13 13 13 14 14 14 15 10 10 10 10 12 12 12 12 12 12 12 12 8 11 16 16 16 16 16 16 16 21 16 16 16 21 4 4 22 22 14 14 13 13 13 13 3 10 12 12 12 12 12 12 12 12 12 12 8 8 8 8 11 11 0 14 14 14 14 14 14 13 13 13 13 13 13 13 13 13 13 13 13 13 13 13 13 13 13 13 13 13 13 13 13
13 13 13 13 13 13 13 13 13 13 13 14 9 13 13 13 13 14 14 14 1 10 10 12 12 12 12 12 12 12 12 12 12 12 12 12 12 12 12 11 4 2 4 4 4 4 4 4 4 4 4 4 4 4 4 4 4 4 14 14 13 13 13 13 13 13 13 13 14 14 9 10 10 12 12 12 12 12 12 12 12 12 12 12 12 12 12 12 12 8 11 1 14 14 14 14 14 14 14 14 14 14 13 13 13 13 13 13 13 13 13 13 13 13 13 13 13 13 13 13 13
13 13 13 13 13 13 13 13 13 13 13 13 13 13 13 13 13 13 13 13 23 17 10 10 10 10 8 8 12 12 12 12 12 12 12 12 12 12 12 11 16 4 4 4 4 2 2 2 2 4 2 2 2 2 4 4 4 4 2 2 2 2 4 22 0 14 14 14 14 14 14 9 15 10 10 8 12 12 12 12 8 8 8 10 11 11 15 13 13 14 13 13 13 13 13 13 13 13 13 13 13 13 13 13 13 13 13 13 13 13 13 13 13 13 13
14 14 14 14 14 14 14 14 14 14 14 14 14 13 13 13 18 18 18 13 13 18 10 8 12 12 12 12 12 12 12 12 12 12 12 12 12 12 8 16 4 4 4 4 4 4 4 4 4 4 22 14 13 13 13 13 13 13 13 13 9 3 10 12 12 12 12 12 12 12 12 12 12 8 8 11 11 15 14 14 14 14 14 14 14 14 14 13 13 13 13 13 14 13 14 13 14 14 13 14 13 13 13 13 14 13 14 14
13 13 13 13 13 13 13 13 13 13 13 13 13 13 13 13 13 13 13 13 0 17 18 13 13 13 13 13 15 6 13 13 0 18 6 6 14 14 9 1 10 10 10 10 10 12 12 12 12 12 12 12 12 12 12 8 11 16 2 4 4 4 4 4 4 4 4 4 4 4 4 22 9 13 13 13 13 13 13 13 13 13 3 0 10 10 10 10 10 10 10 10 12 12 12 12 12 12 10 11 11 0 14 14 14 14 14 14 0 10 6 13 13 13 0 13 13 13 13 13 13 13 13 13 13 13 13 13 13 13 13 13 13 13 13 13 13 13 13 13
13 13 13 13 13 13 13 13 13 13 13 13 13 13 13 13 13 13 13 13 14 13 0 6 10 10 10 12 12 12 12 12 12 12 12 12 12 12 11 16 16 16 16 16 16 16 16 16 16 16 16 16 22 22 22 4 14 13 13 14 9 0 0 10 10 12 12 12 12 12 12 12 12 12 12 8 8 11 11 15 1 13 14 13 13 13 13 13 1 1 13 13 13 13 1 19 14 13 13 13 14 14 14 14 14 14 14 14 14 14 14 14 14 14 14 14 14 14 14 14 14 13 13 13 13 13
13 13 13 13 13 13 13 13 13 13 13 13 13 13 13 13 13 13 18 13 13 1 9 22 14 13 13 13 13 14 13 13 6 6 10 10 8 8 12 8 12 12 12 8 11 16 16 16 16 4 4 4 4 4 4 4 4 4 22 13 13 13 14 20 20 20 10 10 10 8 12 12 8 12 12 12 12 12 12 8 8 11 11 0 14 14 13 13 13 13 18 13 13 13 13 13 13 13 13 13 13 13 13 13 13 13 13 13 13 13 13 13 13
18 18 13 13 18 18 13 13 18 18 13 13 13 13 13 18 18 13 13 9 0 10 10 10 10 10 10 12 12 8 11 11 5 5 21 21 21 21 21 21 21 21 2 22 22 13 13 13 13 18 18 20 20 10 10 10 12 10 12 12 12 12 8 8 8 11 11 0 14 14 14 14 14 14 14 14 9 14 14 13 14 13 9 13 13 13 13 13 13 13 13 13 13 13 13 13 13
1 1 13 18 1 13 13 13 13 13 13 13 13 13 23 17 13 13 13 14 9 10 12 12 12 12 12 12 12 12 12 12 12 12 12 11 16 22 16 4 4 4 4 4 4 4 4 4 4 13 13 13 13 14 9 15 10 10 12 12 12 12 12 12 8 12 12 12 12 10 8 10 11 11 15 9 14 14 14 14 14 14 14 14 14 13 13 14 14 14 14 14 14 14 14 14 14 14 14 14 14 14 14 14 14 14 14 14 14 14 14 14 14 13 14 14
13 13 13 13 13 13 13 13 13 13 13 13 13 13 13 13 13 13 13 13 13 0 0 10 10 12 12 12 12 12 12 12 12 12 12 12 12 8 11 16 16 4 4 4 4 4 4 4 4 4 4 4 22 13 13 14 9 9 0 10 10 12 12 12 12 12 12 12 12 8 11 11 11 18 9 14 14 14 14 14 1 1 14 13 14 14 14 14 14 13 13 13 13 13 13 13 13 13 13 13 13 13 13 13 13 13 13 13 13 13 13
13 13 13 13 13 13 13 0 13 13 13 9 13 13 0 13 13 13 13 18 6 19 6 1 15 10 10 10 10 12 12 12 12 8 8 11 16 21 4 4 4 4 4 4 4 4 4 2 1 13 13 18 18 18 9 3 10 10 10 8 8 8 8 11 11 11 0 14 9 14 9 13 13 18 18 18 13 18 13 18 18 13 18 18 18 18 18 18 18 18 13 18 18 18
13 13 13 13 13 13 13 13 13 13 13 13 13 13 18 13 18 13 13 13 6 6 6 10 10 10 10 10 10 10 10 10 10 19 11 11 11 16 16 16 16 16 16 16 4 21 16 21 16 22 22 22 13 13 13 13 13 13 13 3 3 10 10 10 19 10 10 10 10 10 10 10 10 19 19 19 11 11 11 0 22 14 14 14 14 14 9 13 13 13 13 13 13 13 13 13 18 18 13 18 18 13 13 13 13 13 13 13 13 13
13 18 18 18 18 18 18 18 18 18 9 13 18 18 18 18 18 18 9 14 13 6 6 10 10 10 8 8 8 8 8 8 8 11 16 21 21 21 21 21 21 21 21 21 22 0 18 18 18 13 13 18 18 18 9 0 6 19 10 8 8 10 19 19 19 19 19 19 19 19 17 6 18 13 14 14 14 9 9 9 9 9 9 9 0 0 9 0 0 0 0 0 0 0 0 0 0 0 0 0 0 13
13 0 13 13 13 13 13 0 13 0 13 0 13 13 13 22 0 13 13 13 14 14 14 13 18 13 18 18 18 13 18 8 8 11 17 15 15 8 17 18 15 15 9 0 19 10 12 12 12 12 12 12 12 12 12 12 12 12 8 11 4 4 4 4 4 4 4 4 4 4 4 4 4 4 4 4 4 4 4 4 4 4 4 4 4 14 13 13 13 13 13 0 13 18 1 18 20 20 10 10 12 8 8 8 8 12 12 8 8 17 13 13 9 14 9 9 13 13 13 13 13 13 13 0 13 22 0 0 0 13 13 13 13 13 13 13 13 13 13
18 13 13 18 13 18 18 18 13 18 18 13 18 18 18 18 18 13 13 18 13 13 13 13 13 13 13 14 13 6 10 10 10 8 8 8 10 12 12 12 8 8 12 8 11 11 1 22 22 4 4 4 4 4 4 4 4 4 4 4 4 4 4 4 4 22 22 13 1 1 1 18 18 18 1 9 0 10 10 8 8 12 12 12 8 8 8 8 8 10 11 11 11 15 0 0 9 9 14 14 14 14 9 9 14 14 13 9 13 13 13 13 13 13 0 0 13 13 13 13 13 13
13 13 13 13 13 13 13 13 13 13 13 13 13 13 13 13 13 13 13 13 18 10 8 13 1 1 19 8 19 11 13 14 14 13 13 14 9 13 18 18 10 10 10 12 12 12 12 12 12 12 12 11 16 4 4 4 4 2 2 2 2 4 4 4 4 4 22 13 22 6 23 13 13 13 3 3 10 12 12 12 12 12 12 12 12 12 12 12 12 12 11 11 0 14 14 14 14 14 14 13 13 14 9 13 13 13 13 13 13 13 13 13 13 13 13 13 9 13 13 13 13 13
13 13 13 13 13 13 13 13 13 13 13 13 13 13 13 13 13 14 13 13 13 1 1 13 1 1 14 14 1 13 13 14 14 14 14 13 13 14 14 14 14 14 13 13 13 13 13 14 14 1 6 10 10 8 12 12 12 12 12 12 12 12 12 12 12 12 12 12 12 12 12 12 12 12 12 12 12 11 4 4 4 4 4 4 4 4 4 4 4 4 4 14 14 14 13 13 13 13 13 3 3 3 0 10 10 10 10 10 10 12 12 12 12 12 12 12 12 12 12 12 12 12 12 12 8 8 11 0 13 14 13 14 14 14 14 14 14 14 14 14 14 14 14 14 14 14 14 14 14 14 14 14 14 14 14 14 14 14 14 14 14
14 13 14 14 14 14 14 14 14 14 14 14 14 14 14 14 13 13 13 13 13 13 6 10 10 10 8 12 12 12 12 12 12 12 12 12 12 12 12 11 16 16 16 5 5 5 5 4 4 4 4 16 4 4 4 4 2 22 14 14 13 13 13 13 9 15 10 8 12 12 12 12 12 12 12 12 12 12 12 8 8 8 8 11 18 13 14 14 9 14 14 14 14 14 14 14 14 14 14 14 14 14 14 14 14 14 14 14 14 14 14 14 14 14 14
13 13 13 13 13 18 18 18 13 1 13 18 18 13 13 18 13 18 13 13 9 6 10 10 10 12 12 12 12 8 8 8 8 11 16 4 4 4 4 4 4 4 4 4 4 4 4 4 4 22 22 13 13 13 13 3 10 12 12 12 12 12 12 8 8 8 8 17 17 17 18 1 14 14 13 13 13 13 13 13 13 13 13 13 18 13 13 13 13 13 13 13 13 13 13 0 13 13 14
13 13 13 13 13 13 13 13 14 13 13 13 13 13 13 13 13 13 13 13 13 6 10 10 12 8 12 12 12 12 12 12 12 12 12 12 12 8 8 11 11 22 4 16 16 16 4 4 4 4 4 4 4 4 4 4 4 4 4 4 4 4 4 22 13 14 13 13 13 13 13 3 9 10 10 10 8 8 8 8 8 8 8 8 8 8 17 17 17 23 18 14 14 13 13 13 13 13 13 13 13 13 13 13 13 13 13 13 13 13 13 13 13 13 13 13 13
15 18 13 13 13 13 18 13 13 14 14 14 9 9 14 9 14 14 14 14 9 18 6 10 12 12 12 12 12 12 12 12 12 12 12 11 16 21 21 2 21 2 2 2 2 2 2 4 4 4 4 2 4 4 4 22 13 13 13 18 13 13 14 9 10 8 12 12 12 12 12 12 12 12 12 12 8 8 11 18 14 9 14 14 14 14 14 14 14 14 14 14 9 9 13 13 13 13 13 13 18 13 13 13 13 13 13 13
13 13 13 13 13 13 18 13 13 13 13 18 13 18 13 13 13 13 13 14 13 0 6 6 10 10 8 12 12 12 12 12 8 8 11 11 16 16 4 4 4 4 4 4 4 4 4 4 4 22 1 1 1 1 13 13 13 13 13 14 20 20 6 10 10 10 10 8 8 8 8 8 8 8 8 11 11 11 18 9 14 14 14 14 14 14 9 9 9 13 13 13 13 13 13 13 13 13 13 13 13 13 13 13 13 13 13 13
13 13 13 13 13 13 13 13 13 13 13 13 13 13 13 13 13 13 13 18 18 15 10 10 18 18 13 13 9 0 6 10 10 10 10 10 10 12 12 12 10 8 11 4 21 21 4 21 21 21 4 4 4 4 4 2 9 13 13 1 20 9 0 0 6 10 10 10 8 8 8 12 8 8 8 8 11 11 11 9 14 14 14 14 14 14 14 9 13 0 13 13 13 13 13 13 13 13 13 13 0 13 13 13 13 13 13 13
13 13 13 13 13 13 13 13 13 13 13 13 13 13 13 13 13 14 14 14 13 1 23 19 8 8 12 12 12 12 12 12 12 12 12 12 12 12 11 16 4 4 4 4 4 4 4 4 4 4 4 4 4 4 4 22 14 14 13 13 13 13 13 14 3 20 10 12 12 12 12 12 12 12 12 12 12 12 12 8 8 11 11 9 14 14 14 14 14 14 14 14 14 14 14 13 13 13 13 13 13 13 13 13 13 13 13 13 13 13 13 14 13
13 13 13 13 13 13 13 13 13 13 13 13 13 13 13 14 14 14 14 14 13 10 11 6 14 14 14 1 14 14 14 14 14 14 23 23 13 13 13 13 14 14 6 10 10 8 12 12 12 12 12 12 12 12 12 12 12 12 12 12 12 12 12 12 12 12 11 16 3 16 22 22 22 16 22 22 22 22 22 22 14 1 14 13 13 13 13 13 13 13 13 13 13 13 9 20 10 10 10 12 12 12 12 12 12 12 12 12 12 8 8 11 11 6 13 14 14 14 14 14 14 14 14 14 14 14 14 14 13 13 14 14 14 13 13 13 13 13 13 13 13 13 13 13 13
13 13 13 14 14 13 13 13 13 13 13 13 13 13 13 13 13 13 13 13 13 23 1 13 13 1 13 14 14 18 6 10 10 8 12 12 12 12 12 12 12 12 12 12 12 10 12 8 8 11 11 16 16 16 5 16 16 16 16 4 4 4 4 4 4 4 14 13 13 13 1 9 20 0 10 10 10 12 12 12 12 12 12 12 12 12 12 12 12 10 11 11 11 0 0 14 14 14 14 14 14 14 14 14 14 14 14 14 14 14 14 14 14 13 14 13 13 13 13 13 13 13 13 13 13
13 13 13 13 13 13 13 13 13 13 13 13 18 18 0 0 13 13 13 13 13 10 10 13 13 13 13 13 13 13 9 9 18 10 12 12 12 12 12 12 12 12 12 12 12 8 16 4 4 4 4 4 4 4 4 4 4 4 4 4 4 14 13 13 13 13 13 4 9 9 10 10 10 8 8 8 8 8 8 8 8 8 8 8 8 11 0 14 14 14 13 13 13 13 13 13 13 13 13 13 13 13 13 13 13 13 13 13 13 13 13 9 13 13 13 13
13 13 13 13 13 13 18 18 18 1 1 1 13 13 18 18 18 13 13 1 1 19 19 19 19 8 8 8 8 8 8 8 8 8 8 11 22 22 22 22 22 22 22 14 14 14 4 4 4 14 1 1 1 23 1 1 9 9 10 10 10 8 8 8 8 8 8 8 10 10 11 6 13 22 22 22 22 22 22 22 22 22 22 22 22 22 22 22 22 22 22 22 0 22 22 22 13 0 13 0 13 13
13 13 13 13 13 13 13 13 18 13 13 13 18 13 18 13 13 13 13 13 14 14 14 13 13 6 6 10 8 8 8 10 10 12 12 12 12 12 12 11 22 22 22 22 4 4 4 4 4 4 4 4 4 4 22 13 13 13 13 13 3 3 10 10 12 12 12 12 12 12 10 10 11 10 10 10 11 11 11 0 9 9 14 14 14 14 14 14 13 13 13 13 13 0 13 13 13 13 13 13 13 13 13 13 13 13 13 13 13 13
13 13 13 18 13 13 18 13 18 13 13 18 18 13 13 13 13 13 13 18 18 14 14 13 0 13 13 13 13 10 6 0 9 9 9 9 13 9 13 13 13 13 14 14 9 13 10 10 11 18 13 15 10 10 10 12 12 12 12 12 12 12 12 12 12 8 11 16 2 2 2 2 2 2 2 2 2 2 2 2 2 2 4 2 22 1 1 0 13 9 3 9 15 10 10 10 8 8 8 8 8 8 8 11 6 18 13 9 9 13 13 13 13 13 13 13 13 13 18 18 18 18 13 13 13 13 18 13 18 13 18 13 13 13
13 13 13 13 13 13 13 13 13 13 13 13 13 13 13 13 13 13 13 0 13 6 10 12 12 12 12 12 12 12 12 12 12 12 12 8 11 11 22 4 4 4 4 4 4 4 4 4 4 4 2 14 13 13 13 13 13 13 13 13 3 10 10 12 12 12 12 12 12 12 12 12 12 12 8 8 11 1 14 14 13 13 13 13 13 13 13 13 14 13 13 13 13 13 13 13 13 13 13 13 14 14 14 14 14 14 14
13 18 18 18 13 13 13 13 13 9 18 9 13 9 14 9 9 13 9 13 13 1 1 13 13 13 13 13 13 6 0 13 6 10 10 10 10 10 10 10 12 12 8 11 16 22 22 4 4 4 4 4 22 22 20 20 9 13 13 18 18 18 13 0 0 10 10 10 10 8 8 8 10 10 8 10 11 11 11 18 22 14 9 0 0 13 13 13 13 18 13 13 13 13 13 18 18 18 13 13 18 18 18 13 18 13 18 13
13 13 13 13 13 13 13 13 13 13 13 13 13 13 13 13 13 13 13 13 13 1 14 14 13 13 13 13 18 17 17 10 12 12 12 12 12 12 12 12 12 8 11 11 11 16 16 21 21 21 21 21 2 2 4 4 22 22 13 13 13 13 9 9 13 13 9 10 10 10 10 8 8 8 8 8 8 8 8 10 11 11 0 9 9 14 14 14 14 14 14 13 13 13 13 13 13 13 13 13 13 13 13 13 13 13 13 13 13 13 13 13
