15 18 6 15 15 15 15 15 15 15 15 18 15 15 15 15 15 15 15 15 15 15 1 1 18 18 15 15 15 15 15 15 15 15 15 15 20 16 16 16 16 16 21 21 21 21 21 7 7 7 7 7 21 7 22 22 0 6 15 15 15 15 15 15 15 15 9 9 9 9 18 18 18 18 15 15 15 15 15 15 18 0 0 6
15 15 15 15 15 15 15 15 15 15 15 15 15 15 15 15 15 15 15 15 15 20 14 20 20 20 20 20 20 20 2 2 2 2 21 21 21 21 21 21 21 21 21 7 7 7 7 7 7 6 15 15 15 15 9 9 0 15 15 15 15 15 15 15 15 15 15 15 15 15 15 15 15 15 15 15 15 18
15 15 15 15 15 15 15 15 15 15 15 15 18 15 15 15 15 15 15 15 14 2 16 16 16 16 16 16 16 16 7 7 7 7 7 7 7 7 7 7 7 7 7 7 22 0 0 15 15 15 15 15 9 11 10 19 11 6 1 1 14 9 9 9 9 9 9 9 18 15 15 15 15 15 15 15 15 18 15 15 15 15 15 15 15 15 15 15
15 6 15 15 15 15 15 15 6 15 15 15 15 15 15 15 15 0 0 18 9 9 1 6 15 15 15 0 15 15 15 15 15 15 15 15 15 15 15 15 15 15 6 2 2 2 2 2 2 2 2 2 2 7 7 7 7 7 7 7 7 7 7 7 7 22 22 0 0 0 15 15 13 13 23 23 23 23 18 9 9 9 9 9 9 9 9 9 9 9 15 15 0 0 15 15 15 15 15 18 15 15 0 15 0 15 0 0
15 15 15 15 15 15 15 15 15 15 15 15 15 15 15 15 15 15 15 23 15 1 1 1 2 2 2 16 16 16 16 21 7 7 2 2 2 2 2 2 2 2 2 7 7 7 0 15 15 15 15 15 1 6 6 23 1 1 9 9 9 9 9 9 9 18 18 18 0 15 15 15 15 15 15 15 15 15 18 15 15 15 15 15 15
18 15 15 18 15 15 15 15 15 15 15 15 15 15 15 15 15 18 18 15 1 2 2 2 2 2 2 2 2 2 2 2 2 7 7 7 7 7 7 7 7 7 7 7 7 2 22 22 22 0 15 9 9 18 18 15 15 15 15 15 15 18 18 15 18 15 15 15 15 9 9 0 18 15 18 18 15 15 15 15 15 15 19 17 15 15 15 15 15 15 15 15 18 15 15 15 18 18 15 15 15 18 18 15 15 15 15 15 15 15 18 15 18
9 0 9 9 9 9 0 9 9 0 0 0 0 0 9 0 0 0 0 0 6 15 15 15 18 18 15 15 17 10 6 11 23 23 15 18 18 23 15 18 23 23 15 18 15 18 1 16 16 16 16 16 16 16 16 16 21 21 21 21 7 7 7 7 7 7 7 7 7 7 7 22 0 0 15 18 18 18 6 11 19 23 14 9 9 9 9 9 9 9 18 18 18 18 18 18 18 18 18 18 15 15 15 18 18 18 18 15 18 15 18
15 15 15 15 15 15 15 15 15 15 15 15 15 15 15 15 15 15 15 15 14 14 9 0 15 15 17 15 15 15 15 15 15 15 15 15 15 2 2 2 4 2 21 2 2 21 21 21 21 21 21 21 21 2 2 7 7 7 7 2 2 7 0 0 17 19 0 0 15 15 23 13 10 8 8 8 11 6 13 9 1 9 9 9 9 9 9 9 9 9 9 9 18 0 0 15 15 15 15 0 18 15 15 15 9 9 18
15 15 15 15 15 15 15 15 15 15 15 15 15 18 18 15 15 15 15 15 15 23 18 15 15 15 15 15 15 15 15 15 15 15 15 9 20 20 20 20 20 2 2 2 2 2 2 2 2 2 2 2 2 2 2 2 2 2 7 2 7 7 22 22 22 22 15 18 15 15 15 15 15 15 15 15 15 15 15 15 15 15 15 15 15 15 15 15 15 15 15 15 18
9 9 18 18 15 15 18 18 18 15 15 15 17 15 23 15 15 18 15 15 1 2 21 21 21 21 21 21 21 21 21 21 21 2 7 7 22 7 7 0 0 15 18 18 15 18 15 12 12 12 8 8 8 11 11 6 18 9 9 9 9 9 9 9 0 0 15 15 18 18 18 18 18 0 0 18 0 0 0 18 0 0 0 0 0 0 13
1 13 9 9 0 18 18 18 18 18 18 18 15 15 18 18 15 18 15 15 15 10 8 18 15 0 0 15 15 15 15 18 15 23 23 6 2 2 2 2 2 2 2 2 2 2 2 2 2 2 2 7 7 7 7 7 7 7 7 22 0 0 18 18 15 18 0 0 15 18 10 8 8 19 11 6 6 6 6 18 9 9 9 9 9 0 0 15 18 18 18 18 15 18 18 18 15 15 15 15 15 18 15 18 15 18 18 18
18 18 18 18 18 18 18 18 18 18 15 10 1 18 18 18 10 10 15 18 18 18 15 15 18 15 18 15 8 0 0 0 0 6 15 15 18 18 18 18 18 18 18 18 18 18 18 18 18 18 18 16 7 2 16 16 16 16 16 16 16 2 7 7 7 7 7 7 7 16 22 22 22 22 22 0 18 18 18 18 18 18 18 18 18 18 1 1 18 18 18 18 18 18 18 18 18 9 9 18 18 18
18 18 18 18 18 18 18 18 18 18 18 18 18 18 0 18 18 18 6 18 9 15 19 18 1 15 1 15 17 0 18 18 9 14 0 18 14 4 4 4 21 21 21 21 21 21 21 21 21 21 21 7 7 7 21 7 7 0 18 18 18 18 0 18 6 10 10 12 12 8 8 8 8 8 11 11 15 9 9 9 0 0 18 18 18 18 18 18 18 18 18 18 18 18 18 18 18 18 18 18 18 18 18 18 18 18
15 23 23 23 15 15 15 15 15 18 15 15 15 15 15 15 0 6 15 15 18 0 0 4 4 4 21 21 21 16 21 16 16 16 7 7 7 7 7 7 7 7 7 7 7 2 7 0 18 23 15 0 15 18 15 23 15 23 23 15 15 15 15 15 15 15 23 15 15 15 15 15 15 18 14 9
15 15 15 23 1 1 23 23 23 23 23 20 2 2 21 21 21 21 21 21 21 21 21 21 7 7 7 7 7 7 7 7 7 22 22 0 18 0 0 18 23 10 8 8 8 8 8 8 19 17 23 1 1 1 9 9 9 9 15 9 9 9 9 9 0 9 0 0 0 0 0 0 0 15 15 18 0 0 18 18 0 0 0 0 0 0 0 0 0 0 0 0 0 0 0 0 0 18 0 0 0 0 0 0
18 15 18 15 18 18 15 18 15 18 18 6 18 15 18 18 18 6 18 0 0 1 18 15 15 18 18 6 6 18 6 18 15 15 15 15 15 15 15 1 16 16 16 16 16 16 16 16 16 16 16 16 16 7 7 7 7 7 7 7 7 7 0 0 18 15 15 15 23 6 10 8 8 19 11 6 1 1 1 9 1 9 14 13 9 9 9 9 9 9 9 9 9 9 9 9 9 9 18 0 0 0 18 0 0 18 0
15 15 15 15 15 9 9 18 15 15 15 15 15 15 15 15 15 15 15 15 14 14 4 21 2 2 2 2 2 2 2 2 2 2 2 2 7 7 7 7 0 6 15 15 15 15 15 15 22 22 0 0 15 15 15 15 15 15 15 15 15 15 15 15 15 15 15 15 18
18 18 18 18 18 18 18 9 9 1 18 18 18 18 18 18 18 18 18 1 10 10 11 16 16 16 16 16 16 16 7 7 7 7 7 7 7 7 7 7 7 7 7 7 7 7 7 7 0 15 18 18 18 18 18 0 0 18 18 9 6 10 10 19 6 6 18 13 13 14 14 14 14 9 9 9 9 9 9 9 9 18 18 18 18 18 18 18 18 18 18 18 18 18 18 18
15 15 18 18 15 15 15 15 15 15 15 15 15 15 18 18 15 15 23 6 19 19 11 21 21 21 21 21 21 21 21 21 21 21 21 21 21 21 7 7 7 6 6 15 15 15 15 15 15 15 15 18 6 6 6 18 1 13 14 9 9 9 9 9 9 9 18 15 0 0 0 0 0 0 0 0 0 0 0 0 0 0 0 0 0
18 9 15 15 15 15 15 15 15 15 6 15 15 15 15 10 15 15 15 15 1 1 20 20 20 20 20 16 16 16 4 16 4 4 4 4 4 2 2 7 7 7 7 7 7 7 7 7 0 0 15 15 15 15 15 15 23 6 23 18 0 18 6 0 0 18 15 15 15 15 15 15 15 15 15 15 15 15 15 15 15 6 15 6 15 15 15 15
17 17 17 15 17 17 15 17 15 17 17 17 15 17 17 17 15 15 15 6 11 10 11 11 0 20 20 1 1 1 1 1 1 1 9 15 15 15 6 0 15 6 9 14 14 0 23 1 22 4 4 4 4 4 4 4 4 4 4 4 4 22 22 7 2 7 7 7 19 17 17 15 17 17 17 15 15 15 15 17 17 17 17 17 17 0 20 20 20 20 1 1 20 20 0 0 0 0 0 0 0 0 0 0 0 0 0 0 0 0 0 0 0 0 15 15 6 15 18
15 15 15 15 15 15 15 15 15 15 15 15 15 15 15 15 15 15 15 15 1 1 1 18 1 1 6 18 0 0 18 0 0 6 8 19 15 15 15 15 15 15 14 21 21 21 21 21 21 21 21 7 21 7 7 7 7 7 7 7 7 7 6 6 6 10 10 11 10 8 10 11 6 6 1 1 13 13 9 9 9 9 9 9 9 9 9 9 9 9 9 9 9 9 9 9 9 9 9 9 9 9 9
15 15 15 17 17 15 15 15 15 15 15 15 15 15 15 15 15 15 15 15 18 9 0 10 8 6 17 6 13 2 2 4 2 2 2 2 2 2 21 2 2 2 2 2 2 21 21 21 21 22 22 0 6 15 17 23 10 8 8 19 19 17 18 1 13 1 13 1 13 9 9 9 9 9 9 9 9 9 9 9 9 0 15 0 0 0 15 15 15 15 15 0 15 18
18 18 18 18 18 18 15 18 18 18 18 18 15 15 23 23 15 15 18 23 13 16 16 16 16 16 16 16 16 16 16 16 16 16 16 7 7 7 7 7 7 7 7 7 7 7 7 7 7 0 19 23 19 17 17 23 0 0 1 18 10 10 8 8 8 8 11 11 6 1 9 13 1 1 1 1 1 1 9 9 1 9 9 9 9 9 9 9 9 9 9 9 9 9 9 9 9 9
15 15 15 15 15 15 15 15 15 15 15 15 15 15 15 15 15 15 17 17 15 14 21 4 21 21 21 21 16 21 21 4 21 4 4 2 7 7 7 7 7 7 2 2 2 7 0 0 0 6 23 8 8 17 17 23 18 1 1 18 18 1 18 18 18 18 9 18 18 15 15 18 15 15 15 15 0 15 15 15 15 15 0 0
15 15 15 15 15 15 15 18 15 15 15 18 15 15 15 15 15 15 23 23 14 20 16 16 16 16 16 16 16 16 16 16 16 16 16 21 21 21 21 21 2 2 2 2 2 22 22 0 15 15 0 0 15 10 10 19 17 17 15 18 9 0 0 0 15 15 15 15 6 15 15 15 15 15 15 15 15 18 15 15 18 15 15 15 15 15 18
15 15 15 15 15 15 15 15 15 15 15 15 15 15 15 15 15 15 15 15 15 17 17 15 15 15 15 15 15 15 19 19 15 23 23 17 0 21 2 2 21 2 21 21 2 2 2 2 2 2 2 2 2 2 2 2 7 2 22 0 15 15 15 15 15 15 15 9 9 22 22 22 0 0 0 0 15 0 0 9 20 0 9 9 9 9 15 9
15 15 15 15 15 15 0 15 15 15 15 15 15 15 17 15 15 23 1 1 1 16 16 16 16 16 16 16 16 16 16 16 16 16 21 7 21 7 7 1 6 6 6 6 0 0 15 15 15 15 9 20 6 6 6 1 1 9 13 9 9 9 9 9 9 9 18 15 15 15 15 15 15 15 15 15 15 6 15 15 15 15 15
18 18 18 18 15 0 18 18 18 18 18 0 0 0 18 18 18 18 18 15 18 10 10 8 8 15 15 18 23 23 15 15 18 6 15 15 15 15 14 16 21 16 16 16 21 21 21 21 21 21 21 21 21 21 21 21 2 2 22 22 22 0 18 15 18 15 18 15 15 15 18 18 15 18 18 15 15 15 15 15 15 18 15 18 18 15 15 15
18 18 15 18 18 18 18 18 0 15 0 0 18 0 0 18 0 18 18 15 19 8 15 18 15 18 18 18 18 18 9 9 18 18 18 15 18 18 17 23 15 15 18 15 15 17 18 14 21 21 21 21 21 21 21 21 21 21 21 21 21 21 21 21 21 21 7 7 7 2 2 22 0 0 18 18 18 18 18 0 0 10 10 12 12 12 8 8 8 8 11 0 14 14 14 14 14 14 9 9 9 9 0 0 18 0 0 18 18 18 18 18 18 18 18 18 18 18 18 18 18 18
18 15 15 15 15 15 15 15 18 18 18 18 15 18 18 9 9 9 9 9 9 13 13 6 17 9 1 1 18 18 18 15 18 18 1 18 15 15 15 1 2 2 16 16 7 7 7 7 7 7 7 7 7 7 7 7 7 6 6 6 0 0 0 9 9 0 0 0 0 0 18 18 1 13 10 8 8 8 8 8 8 8 8 11 11 11 0 0 14 14 14 14 14 14 14 9 9 9 9 9 9 0 0 0 0 0 0 18 18 0 18 15 18 18 18 18 18
18 23 15 18 18 23 23 23 18 23 23 15 23 18 18 18 15 18 18 15 17 14 21 21 21 21 21 16 16 16 16 16 16 16 16 16 16 21 21 21 21 21 21 21 21 21 21 21 21 7 22 0 0 15 18 23 23 23 10 8 8 8 8 8 19 17 23 23 13 13 13 14 14 14 14 9 9 9 9 9 9 9 9 0 0 18 18 18 18 18 18 18 18 18 18 18 18 18
9 18 18 15 15 15 15 15 15 15 15 15 15 15 15 15 15 15 15 15 18 17 17 18 10 10 10 18 23 6 6 6 7 2 2 4 4 2 2 2 2 2 2 2 2 2 2 2 2 2 22 0 0 1 0 0 15 18 15 15 10 8 8 8 8 11 11 9 9 9 1 1 9 9 9 9 9 9 9 0 0 0 0 0 0 0 0 0 0 15 0 0 0 0 15 15 0
10 15 15 1 15 17 15 23 23 23 15 15 15 15 19 23 23 15 15 15 15 23 13 13 13 22 22 22 22 22 22 22 7 7 7 7 7 7 7 7 7 7 7 0 0 15 23 23 23 23 15 15 6 11 11 15 15 1 9 9 1 1 0 6 6 0 0 0 0 0 0 0 0 0 22 3 0 0 0 0 0 0 0 0 0 0 0 0 0 0 0 0
15 15 15 15 15 15 15 15 15 15 15 15 15 15 15 15 15 15 15 15 14 14 14 22 22 22 16 2 2 16 16 2 2 2 2 2 2 2 2 7 7 7 7 21 7 2 22 0 0 15 15 15 15 0 10 10 10 11 6 9 9 9 9 9 0 15 9 18 15 15 15 15 15 23 15 15 23 15 15 15 15 15 15 15 15 15 15 15
15 15 15 15 15 15 15 15 15 15 15 15 15 15 15 15 15 15 15 15 15 18 0 15 15 23 23 15 15 15 15 15 15 15 15 15 15 11 20 2 2 2 2 2 2 2 2 2 2 2 2 2 2 2 2 2 2 2 7 2 2 7 7 0 0 0 6 15 15 15 15 15 15 15 15 15 15 15 18 9 0 0 9 22 0 0 15 18 18 18 18 18
18 18 9 18 18 18 18 18 18 15 18 15 15 15 23 18 18 15 0 1 1 0 1 1 18 18 18 15 18 18 15 15 15 18 15 15 18 18 15 18 14 2 2 2 2 2 2 2 2 2 7 7 7 7 7 7 7 7 7 7 7 7 22 22 22 0 15 15 15 18 15 6 10 18 8 8 8 11 11 11 1 9 0 6 0 0 9 18 18 15 18 9 18 9 18 15 15 15 15 15 15 15 15 15 18 15 18 18 18 18
15 15 15 15 15 15 15 15 15 15 18 15 15 18 15 15 15 18 15 9 9 14 9 9 15 18 18 0 15 18 15 15 15 15 15 18 15 18 7 7 7 7 7 7 7 7 7 7 7 7 7 7 7 7 16 0 23 19 19 19 11 1 9 9 9 9 9 9 9 9 0 0 15 6 15 15 15 18 18 15 18 18 15 18 15 15 15 18 18 18 15 15 15
18 15 15 18 18 15 18 15 18 18 18 18 18 18 15 15 18 15 18 18 15 17 6 0 0 18 15 15 18 18 18 18 18 18 15 23 1 2 2 2 2 21 21 21 21 21 21 21 21 21 21 21 21 21 7 16 16 7 0 0 0 18 23 15 10 8 8 8 8 19 11 11 6 1 13 14 9 9 9 9 9 9 9 9 9 0 18 18 18 18 18 15 18 9 9 18 18 18 18 18 18 18 18
