17 17 17 17 17 17 17 17 6 18 6 17 17 17 15 23 23 17 17 17 6 22 22 22 20 20 20 20 20 20 20 20 20 20 20 20 20 20 20 20 20 21 21 21 21 21 21 21 22 22 22 22 22 22 0 0 0 15 18 15 18 15 15 18 15 0 6 6 6 6 6 6 6 6 17 17 17 17 17 17 17
17 17 17 17 17 17 17 17 17 17 17 17 17 17 17 17 17 17 17 17 6 22 22 22 22 20 20 20 20 20 20 20 20 20 20 20 20 20 20 20 20 20 20 20 20 20 20 20 20 20 20 20 16 16 16 22 22 22 22 22 22 22 22 22 0 0 6 15 23 23 23 23 23 23 23 17 17 17 17 17 17 17 17 17 17 17 17 17
19 17 17 17 17 17 17 23 23 17 17 17 17 17 17 17 17 23 23 17 6 22 22 22 22 22 22 20 20 20 20 20 20 20 20 20 20 20 20 20 3 3 3 3 20 3 3 3 3 3 20 20 20 20 20 20 16 2 16 2 2 2 2 22 22 22 22 22 0 0 6 6 6 23 6 17 17 17 17 23 17 17 23 17 17 17 17 17 17 17 17 17 17
17 17 17 17 17 17 17 17 17 17 6 17 17 17 17 17 17 17 17 17 17 17 8 8 8 17 17 17 23 17 17 6 22 22 22 22 22 22 22 22 22 22 4 2 20 20 20 20 20 20 20 20 20 20 20 20 20 20 20 20 20 20 20 20 20 20 20 20 20 2 2 2 7 2 22 22 22 22 0 0 0 22 0 0 1 18 18 18 15 15 15 15 15 15 17 17 17 17 17 17 6 6 6 6 6 6 17 6
17 17 17 17 17 17 17 17 17 17 17 17 17 17 17 17 17 17 23 17 6 22 22 22 22 22 16 16 20 20 20 0 20 20 20 20 20 20 20 20 20 20 20 20 20 20 20 20 20 20 20 20 21 21 7 7 2 2 22 22 22 22 22 22 22 22 0 6 23 1 1 1 1 1 1 15 15 15 15 15 15 15 15 23 17 17 17 17 17 17 17 17 17 17
23 23 23 23 23 23 23 23 17 19 17 23 17 17 17 17 23 17 23 6 0 22 22 22 22 0 0 20 20 20 20 20 20 20 20 20 20 20 20 20 20 20 20 20 20 20 20 20 20 7 7 7 7 7 7 7 22 22 22 22 22 22 22 22 0 0 0 0 6 15 15 23 15 15 15 23 23 23 23 17 15 15 23 17 23
17 17 17 17 17 15 17 15 15 23 15 17 17 17 17 17 17 17 17 23 17 8 19 17 6 6 22 22 16 16 16 16 7 16 16 20 20 20 20 20 9 14 9 20 9 14 14 14 14 14 14 14 20 20 20 9 20 20 20 16 16 7 7 7 7 7 7 7 2 16 22 16 16 16 16 16 16 16 7 2 0 1 1 1 1 1 1 1 1 18 18 18 23 18 15 15 15 15 15 15 15 15 15 15 15 15 15 15 15 15 15
17 17 17 17 23 23 17 17 17 17 17 17 17 17 23 23 1 23 23 23 17 8 8 12 8 8 8 17 17 17 17 19 8 17 17 6 0 22 22 22 22 22 22 22 22 22 22 22 22 22 2 2 2 2 2 20 20 20 20 20 20 20 20 20 20 20 20 20 20 20 20 20 20 20 20 20 20 21 21 21 21 7 7 7 7 2 4 5 5 5 5 5 5 22 22 22 2 7 7 22 22 0 0 1 1 18 18 18 18 18 15 18 15 15 15 15 15 17 17 17 17 17 17 17 17 17 17 17 17 17
17 17 17 17 17 17 17 23 23 23 17 23 23 23 23 23 23 6 6 6 22 22 22 22 22 22 22 16 21 20 20 20 20 20 20 20 20 20 20 20 20 20 20 20 20 20 20 20 20 20 20 20 20 20 20 20 20 20 16 22 22 22 22 22 22 1 1 23 23 23 15 17 17 23 23 17 17 17 17 23 23 23 17 17 17 23 17 17 23 17
17 17 17 17 17 17 17 17 17 17 17 17 17 17 17 17 17 6 17 17 6 0 22 22 22 22 22 16 20 20 20 20 20 20 20 14 20 14 14 20 14 14 20 20 20 20 20 20 20 20 20 21 21 21 21 21 21 21 21 21 2 22 22 22 22 22 22 22 22 20 0 0 0 18 1 18 18 15 15 15 15 15 6 17 17 17 17 17 17 6 17 17 17 6 17 6 6 6 17 6 6 6
17 23 23 23 23 17 17 23 23 23 17 17 23 17 6 0 6 17 6 23 23 6 6 22 22 22 2 2 16 16 20 20 20 20 20 20 20 20 20 20 20 20 20 20 20 20 20 20 20 20 20 20 16 7 0 0 16 22 22 22 22 22 22 0 0 13 18 18 23 23 18 18 6 6 6 6 17 17 23 17 17 17 17 23 17 17 23
17 23 23 23 23 23 23 23 23 23 23 23 23 17 23 17 23 17 23 23 15 19 23 18 23 23 23 23 1 17 23 23 6 15 18 18 1 22 22 22 22 22 22 22 22 22 3 3 3 3 20 20 20 20 20 20 20 20 20 20 20 20 20 20 20 20 20 20 16 16 16 16 16 16 3 22 22 22 22 22 22 22 13 0 18 23 18 23 18 6 18 18 18 18 23 23 6 6 6 6 6 6 23 23 23 23 6 6
17 17 17 17 17 17 17 17 17 17 17 17 17 17 17 17 17 17 17 6 0 22 22 22 22 16 7 16 16 16 16 20 20 20 20 20 20 20 20 20 20 20 20 20 20 20 20 20 20 20 20 21 21 21 21 21 21 2 4 22 22 22 22 22 7 7 16 16 0 13 0 18 15 15 15 17 17 17 17 17 17 17 17 17 17 17 17 17 17 17 17 17 17 17 17 17 17
23 17 23 23 17 17 23 23 17 17 23 17 23 23 15 6 15 23 6 6 0 22 22 22 16 16 16 20 20 20 20 20 20 20 20 20 20 20 20 20 20 16 16 16 21 21 7 7 7 7 7 7 22 22 22 22 22 22 22 22 0 13 1 1 1 1 1 1 1 18 18 18 15 15 15 15 23 23 23 23 17 17 17 17 17 17 17 17 17 23
23 17 23 23 17 17 17 17 23 17 17 17 23 17 17 23 17 17 17 0 22 22 22 22 22 16 16 16 16 21 21 20 20 20 20 20 20 20 20 20 20 20 20 20 20 20 20 20 20 20 20 20 20 21 21 21 21 16 16 16 16 16 16 16 16 16 22 0 0 0 0 0 0 0 6 6 6 6 6 15 6 17 17 17 17 17 17 17 17 17 17 17 17 17 17 23
23 23 17 17 17 23 6 6 23 6 17 17 23 23 23 23 6 23 6 23 17 17 6 23 23 23 23 23 23 23 17 17 17 6 17 17 17 17 6 22 22 22 22 22 22 16 20 20 20 20 3 3 3 3 3 3 3 3 3 3 3 3 3 3 3 3 20 20 20 20 1 16 16 16 16 7 7 7 7 7 22 22 22 22 22 22 22 22 22 0 18 1 6 1 1 18 1 18 18 18 18 18 18 18 18 18 18 18 18 18 18 18 18 18 18 18 18 18 6 15 18 18
17 17 17 17 17 17 17 17 17 17 17 17 0 0 6 6 17 6 6 6 22 22 22 4 21 21 21 20 20 20 20 20 20 20 20 20 20 20 20 20 20 2 2 2 2 22 22 22 22 22 22 0 9 15 15 18 18 15 15 6 6 6 6 6 17 6 17 17 17 6 17 17 17 17 17 17
23 23 23 23 18 0 0 23 23 18 23 23 23 23 23 23 23 17 17 11 11 11 22 22 22 22 22 2 16 16 20 20 20 20 20 20 20 20 20 20 20 20 20 20 20 20 20 20 20 20 20 20 16 16 16 16 16 16 16 16 7 16 22 22 22 22 22 22 22 22 22 0 0 13 18 1 1 13 13 18 18 18 18 18 18 23 23 23 23 23 23 23 23 23 23 23 23
17 17 17 17 17 17 17 17 17 17 15 15 15 18 18 1 1 1 1 1 1 1 1 1 18 18 18 15 15 17 17 17 6 6 15 15 23 23 0 22 22 22 4 2 21 21 20 20 20 20 20 20 20 20 20 20 20 20 20 20 20 20 20 20 20 20 2 2 2 2 22 22 22 22 22 22 0 1 1 9 9 9 9 18 0 0 0 18 0 0 0 0 6 6 0 0 0 6 6 6 6 6 6 6 6 6 6 6
17 15 15 15 15 17 17 17 17 17 17 17 17 17 17 17 17 17 17 17 6 0 22 22 16 16 16 22 0 0 20 20 20 20 20 20 14 20 20 14 14 20 20 20 14 9 20 14 20 20 20 20 20 20 20 9 20 20 20 20 21 21 21 21 2 22 22 22 22 0 22 22 0 0 0 0 6 6 15 23 23 23 23 6 6 23 6 6 6 6 6 6 17 17 17 17 17
17 17 17 17 17 17 17 17 17 17 17 17 17 17 17 17 6 6 17 6 6 0 6 11 22 22 0 11 20 3 3 3 3 3 3 3 3 3 3 3 3 3 3 3 3 3 14 20 20 20 20 16 16 16 16 22 22 22 22 22 22 22 0 1 1 1 18 18 18 23 6 23 6 15 6 6 6 6 6 17 6 6 17 17 17 6 17 17 17 17
17 17 17 17 17 17 17 17 17 17 17 17 17 17 17 17 17 17 15 15 6 22 22 4 4 2 21 16 20 20 20 20 20 20 20 20 13 13 13 13 14 14 14 14 14 14 4 14 2 2 2 2 22 22 22 22 22 22 22 22 22 0 0 0 15 15 15 15 15 15 15 15 15 15 15 17 17 15 17 15 6 17 17
17 17 17 17 17 17 17 17 17 17 17 17 17 17 17 17 15 18 17 17 17 19 19 17 11 22 22 22 22 22 22 16 21 21 20 20 14 20 20 14 14 14 14 14 14 14 14 14 14 14 14 14 14 14 4 4 2 2 2 2 2 2 22 22 22 22 22 22 22 22 22 22 0 9 15 15 15 15 15 15 15 15 17 17 17 17 17 17 17 17 17 17 17 17 17 17 17 17 17 17 17
23 23 23 23 23 23 23 23 23 17 17 15 23 23 23 23 23 18 15 15 23 19 19 15 17 23 19 19 19 23 23 17 23 6 0 22 22 22 16 16 16 0 0 20 20 20 20 20 20 20 20 20 20 20 20 20 20 20 20 20 20 20 16 16 16 16 16 16 21 7 2 4 22 22 22 22 22 22 22 22 22 22 22 13 13 13 13 1 18 1 1 1 18 18 18 18 18 18 18 15 15 15 6 23 23 23 23
17 17 17 17 17 17 17 17 17 17 17 17 17 17 17 17 17 17 17 6 22 22 22 22 22 16 21 20 20 20 20 20 20 20 20 20 20 20 20 20 20 20 20 20 20 20 20 20 20 20 20 2 2 2 0 2 2 22 22 22 22 22 22 0 0 0 6 6 6 15 6 6 6 6 6 15 15 15 6 6 6 6 6 6 6 6 6 6 6 6
15 15 15 15 15 23 17 15 17 17 17 17 17 17 17 17 17 17 6 6 6 0 16 16 16 16 16 22 16 16 16 20 20 20 20 20 20 20 20 20 20 20 20 20 20 20 20 20 20 20 20 20 20 20 20 20 21 2 22 22 16 22 0 0 0 6 6 6 23 17 23 23 23 23 6 6 17 23 23 6 23 23 17 17 17 17 17 17 17 17
17 17 17 17 17 17 17 17 17 17 17 17 17 17 17 17 23 17 17 17 17 23 23 15 17 15 15 15 15 15 17 17 18 18 15 6 6 6 6 6 18 6 6 0 16 16 16 16 16 16 16 21 20 20 20 20 20 2 2 20 20 20 20 20 20 20 20 14 20 20 2 2 2 2 2 7 7 7 7 7 7 16 16 16 22 22 22 22 0 0 0 0 0 0 0 0 0 0 18 15 15 18 18 18 18 18 18 18 18 18 18 18 18 18 18
17 17 17 23 17 17 17 17 17 23 23 23 23 17 19 17 6 6 23 6 0 22 22 22 16 16 16 16 16 3 3 3 3 3 3 3 3 3 3 3 20 20 20 16 16 16 7 7 7 7 22 22 22 22 22 22 22 20 1 1 1 1 1 1 1 9 9 18 18 18 23 17 6 23 17 17 23 23 23 23 17 17 17 6 23 17 6 23
6 23 17 23 17 17 17 23 17 23 17 17 23 23 17 17 23 23 23 6 6 10 10 17 8 19 8 8 17 15 23 23 6 23 17 17 6 6 6 0 22 22 4 21 21 21 21 21 21 20 20 20 20 20 20 20 20 20 20 20 20 20 20 20 16 21 4 4 22 22 22 22 22 22 22 0 0 18 6 18 18 18 6 6 15 15 6 6 6 6 6 6 6 17 17 23 23 17 15
17 17 23 17 17 17 23 17 17 17 17 17 18 18 15 17 17 17 17 17 17 8 8 8 17 6 6 17 17 23 23 23 6 22 22 22 22 22 22 22 22 22 22 22 16 16 16 20 20 20 20 20 20 20 20 20 20 20 20 20 20 20 20 20 20 20 20 20 20 16 7 7 7 7 7 2 22 22 22 22 22 22 22 22 22 22 13 1 1 1 1 1 1 13 13 18 0 6 0 6 6 6 6 6 6 6 6 6 6 6 6 6 15 6 6 6 17
17 23 17 17 17 23 17 23 17 17 23 17 17 15 15 15 15 15 15 15 19 8 8 8 11 1 1 1 18 23 23 17 17 6 22 22 22 22 22 22 22 22 22 22 22 22 22 16 16 20 20 20 20 20 20 20 20 20 20 20 20 20 20 20 16 16 16 16 7 7 7 7 7 7 7 7 7 2 22 22 22 22 22 22 22 22 22 2 2 2 2 13 14 13 13 13 1 1 1 1 1 1 1 1 18 18 18 15 15 15 15 17 17 23 23 23 23 17 17 17 17 23
23 23 17 23 23 23 15 23 17 23 17 23 23 23 23 23 17 18 18 15 17 19 12 12 17 8 8 23 23 23 23 18 18 18 18 0 22 22 22 22 22 22 16 16 20 20 20 20 20 20 20 20 20 20 20 20 20 20 20 20 20 20 20 20 20 20 16 21 21 21 21 21 21 21 21 21 21 21 22 22 22 22 22 22 22 22 22 22 22 9 1 1 1 1 1 13 13 13 9 9 9 15 17 15 15 6 23 17 23 23 17 23 17 17 17 17 17 17 17 17 23 23
17 17 17 17 17 17 17 17 17 17 17 17 17 17 17 17 17 17 17 6 6 22 4 22 22 4 4 4 21 20 20 20 20 20 20 20 20 20 20 20 20 20 20 20 20 20 20 20 20 2 2 2 2 2 2 22 22 22 22 22 22 22 0 0 15 15 15 15 15 15 6 15 15 15 17 15 17 17 17 17 17 17 17 17 17
6 6 17 17 17 17 17 17 17 19 17 17 17 17 19 17 23 23 23 6 7 22 22 22 22 7 7 7 16 20 20 20 20 9 14 14 14 14 14 14 14 14 9 14 14 14 14 14 14 9 1 1 1 16 7 7 7 7 7 22 22 22 22 22 0 0 0 0 0 0 0 15 15 15 15 15 15 6 6 6 6 6 6 6 6 6 6 6
23 17 23 17 23 23 23 17 17 23 17 17 17 17 17 17 17 17 6 6 0 22 22 22 22 22 22 22 16 20 20 20 20 20 20 14 14 20 14 14 14 14 14 14 14 14 14 14 14 20 20 20 20 16 21 7 22 22 22 22 22 14 14 9 1 1 1 1 1 1 1 1 9 18 15 15 15 15 6 6 6 6 6 6 6 6 6 6 6 6 6 6 6 6 6 6 6 6 6 6 6 6 6 6 6 23 23 6 6 6 6 6 6 6 6 6 6 6 6 6 6 6 6 6 6 6 6 6 6 6 6 6 6 6 6 6
17 15 15 15 15 15 15 15 15 15 15 15 15 17 17 17 17 17 17 17 6 22 22 22 22 16 20 20 20 20 20 20 20 20 20 20 20 20 20 20 20 20 20 20 20 20 20 20 20 20 20 20 20 20 20 2 22 22 22 22 22 22 22 22 22 0 0 0 6 23 23 23 23 23 23 15 23 23 6 17 23 23 23 23 23 15 17 17 17 17 17 17 17 17
17 17 17 17 17 17 17 17 17 17 17 17 17 17 17 17 17 17 17 17 6 22 22 22 22 22 22 16 21 21 20 20 20 20 20 14 20 20 20 20 14 20 20 20 20 20 14 20 20 20 20 20 14 14 14 2 2 2 2 2 2 2 21 2 2 22 22 22 22 22 22 22 22 22 22 22 0 0 15 17 17 17 17 17 17 17 17 17 17 17 17 17 17 17 17 17 17 17 17 17 6
23 23 23 23 23 23 23 23 23 23 23 23 23 23 23 23 23 23 19 6 8 12 12 22 22 22 22 22 22 7 7 11 16 20 20 20 20 20 20 20 20 20 20 20 20 2 2 2 2 2 2 7 22 22 22 22 22 22 22 0 0 0 0 6 23 23 15 17 18 1 23 23 17 23 23 23 23 15 15 15 15 15 15
23 23 23 23 23 23 23 23 23 23 23 23 23 23 23 23 23 23 23 23 23 19 19 10 12 11 6 6 6 0 16 22 22 22 7 16 20 20 20 20 20 20 20 20 20 20 20 20 20 20 20 20 20 21 21 21 7 7 7 7 7 21 21 16 16 16 16 16 16 16 16 16 16 22 22 22 13 1 1 1 1 1 1 1 1 18 18 18 18 18 18 23 15 18 15 23 23 23 15 23 23 23 23
