0 0 0 0 0 0 0 0 0 3 3 3 8 8 8 8 8 8 8 8 10 10 10 0 0 0 1 1 1 7 7 7 7 7 9 9 9 4 4 4 4 2 2 2 5 5 12 12 12 14 14 14 14 14 14 14 14 14 14 14 12 12 13 13 13 13 13 13 13 13 13 13 6 6 6 6 6 6 6
3 3 3 8 8 8 8 8 8 8 8 8 8 8 8 10 10 10 10 10 0 0 1 1 7 9 9 9 9 4 4 4 4 2 2 2 2 5 5 5 12 12 12 12 14 14 12 13 13 13 13 13 13 13 13 13 13 13 13 6 6 1 1 1 1 1
10 3 3 3 3 3 3 3 8 8 8 8 8 8 8 8 10 10 10 10 10 0 0 1 6 9 9 9 4 4 4 2 2 5 5 5 12 12 12 12 12 12 12 13 13 13 13 13 2 2 2 2 4 4 9 9 7 7 7
0 0 3 3 3 3 3 3 8 8 8 8 8 8 8 8 8 8 10 10 10 10 0 0 1 1 1 7 7 9 9 9 4 4 4 4 2 2 2 2 5 5 5 5 12 12 12 12 12 14 14 14 11 11 13 13 13 13 13 13 13 13 13 13 6 6 6 1 1 1
3 3 3 3 11 11 11 11 8 8 8 8 8 8 10 10 10 0 1 1 1 9 9 4 4 2 2 2 2 5 5 5 5 5 13 13 13 13 13 13 13 13 6 6 6 1 1 1
0 0 3 3 8 8 8 8 8 8 10 10 10 0 1 7 9 9 4 4 2 2 5 12 12 12 14 14 12 13 13 13 13 13 13 13 13 4 9 1 1 1
3 3 3 3 3 8 8 8 8 8 8 10 10 10 0 1 1 9 9 4 4 2 2 2 5 5 12 12 14 14 14 11 11 13 13 13 13 13 4 4 4 9 9 7 1 1
0 0 0 3 3 3 8 8 8 8 8 8 8 8 10 10 10 10 0 0 1 1 7 9 9 4 4 2 2 2 2 5 5 12 12 14 14 14 14 14 11 11 13 13 13 13 13 13 13 4 4 4 9 9 7 7
3 3 3 3 3 3 3 8 8 8 8 8 8 8 8 10 10 10 10 0 1 7 9 9 4 4 2 2 2 5 5 5 12 12 12 12 12 13 13 13 13 13 13 2 2 4 4 9 9 7 7 1
10 3 3 3 3 3 3 3 3 3 3 3 8 8 8 8 8 8 8 8 8 8 8 8 10 10 10 10 10 0 0 0 1 1 1 1 1 7 7 7 7 9 9 9 9 9 4 4 4 4 4 2 2 2 2 2 2 2 5 5 5 5 12 12 12 12 12 14 14 14 14 11 11 13 13 13 13 13 13 13 13 13 13 6 6 6
10 10 10 10 10 0 0 0 0 3 3 3 3 3 3 3 8 8 8 8 8 8 8 8 8 8 8 8 10 10 10 10 10 0 0 0 0 1 1 1 1 7 7 7 7 7 7 9 9 9 9 9 9 4 4 4 4 4 4 4 2 2 2 2 2 2 2 5 5 5 5 5 12 12 12 12 12 14 14 14 14 14 14 14 14 11 11 11 11 11 11 11 13 13 13 13 13 13 13 13 5 5 5 13 13 13 13 13 13 6 6 6 6 6 6 6 6 6 6 6 6 6
0 0 0 0 0 0 0 0 3 3 3 3 3 3 3 3 3 3 3 8 8 8 8 8 8 8 8 8 8 8 8 8 8 8 8 8 8 8 10 10 10 10 10 10 10 10 10 10 0 0 0 0 0 0 1 1 1 1 1 1 7 7 7 7 7 9 9 9 9 9 9 4 4 4 4 4 4 4 4 2 2 2 2 2 2 2 2 5 5 5 5 5 12 12 12 12 12 12 14 14 14 14 14 14 14 14 14 12 12 12 13 13 13 13 13 13 13 5 2 2 2 13 13 13 13 13 13 13 13 13 13 6 6 6 6 6 6 6
8 8 8 8 8 8 8 8 10 10 10 10 10 10 0 0 0 0 1 1 1 1 7 9 9 9 9 4 4 4 4 2 2 2 2 5 5 5 5 12 12 12 12 14 14 14 11 11 11 11 11 3 13 13 13 13 13 13 13 6 6 6 6 6 6 6
3 3 3 3 3 3 8 8 8 8 8 8 8 8 8 8 8 8 8 8 8 8 8 8 10 10 10 10 10 10 0 0 0 0 0 0 1 1 1 1 1 1 1 7 7 7 7 9 9 9 9 9 9 4 4 4 4 4 4 4 2 2 2 2 2 2 2 2 5 5 5 5 5 5 12 12 12 12 12 12 14 14 14 14 14 14 14 11 11 11 11 11 11 11 13 13 13 13 13 13 13 13 13 13 13 13 6 6 6 6 6 6 6 6 6 6 1 1 1 1 1
8 8 8 8 8 8 8 8 8 8 8 8 8 8 8 8 8 8 8 8 10 10 10 10 10 10 10 10 10 10 10 10 10 10 10 0 0 0 0 0 0 0 0 0 0 1 1 1 1 1 1 1 1 1 1 1 1 1 1 7 7 7 7 7 9 9 9 9 9 9 9 9 9 9 9 9 9 9 9 4 4 4 4 4 4 4 4 4 4 4 4 4 4 4 4 4 2 2 2 2 2 2 2 2 2 2 2 2 2 5 5 5 5 5 5 5 5 5 5 12 12 12 12 12 12 12 12 14 14 14 14 14 14 14 14 14 14 14 14 11 11 11 11 11 11 11 11 11 11 11 11 11 13 13 13 13 13 13 13 13 13 13 13 13 13 13 13 13 13 13 13 6 6 6 6 6 6 6
10 0 0 3 3 8 8 10 0 0 1 7 9 9 4 2 2 5 12 14 14 14 11 11 13 13 13 13 6 6 6 6 6
8 8 8 8 10 10 10 0 0 1 1 7 9 9 4 4 2 2 2 5 12 14 14 14 11 11 11 13 13 13 13 13 13 6 6 1
8 8 8 8 8 8 8 8 8 8 8 8 8 8 8 8 8 8 8 10 10 10 10 10 0 0 0 0 1 1 1 1 1 7 7 9 9 9 9 4 4 4 2 2 2 2 2 2 2 5 5 5 5 5 5 5 5 5 5 5 5 5 5 5 5 5 5 13 13 13 13 13 13 6 6 6 6 6 6 6 6 6 6
10 3 3 3 3 3 3 3 3 3 3 11 11 11 8 8 8 8 8 8 8 8 8 8 8 8 8 8 8 8 8 10 10 10 10 10 10 10 0 0 0 0 0 0 0 1 1 1 1 1 1 1 1 7 7 7 7 7 9 9 9 9 9 9 4 4 4 4 4 4 4 2 2 2 2 2 2 2 2 5 5 5 5 5 5 5 5 5 12 12 12 12 12 12 12 14 14 14 14 12 12 13 13 13 13 13 13 13 13 13 13 13 13 13 6 6 6 6 6 6 6 6
10 0 0 0 0 0 0 0 0 0 3 3 3 3 3 3 8 8 8 8 8 8 8 8 10 10 10 10 10 0 0 0 0 1 1 1 1 1 1 7 7 7 9 9 9 9 9 4 4 4 4 4 4 2 2 2 2 2 2 5 5 5 5 12 12 12 14 14 14 14 14 14 14 14 14 14 11 11 11 13 13 13 13 13 13 13 13 13 13 6 6 6 6 6
10 10 10 10 10 0 0 0 0 0 0 0 0 3 3 3 3 3 3 3 3 3 11 8 8 8 8 8 8 8 8 8 8 8 8 8 10 10 10 0 0 0 1 1 1 1 7 7 7 7 7 9 9 4 4 4 4 2 2 2 5 5 5 5 12 12 12 12 12 14 14 14 14 12 12 12 12 12 5 13 13 13 13 13 13 13 13 2 13 13 4 4 4 4 4 6 6 6 6 6 6 6 6 9 9
0 0 0 3 3 3 3 3 3 11 11 11 8 8 8 8 8 8 8 8 10 10 10 10 0 0 1 1 7 7 9 9 4 4 4 2 2 2 2 2 2 5 5 5 12 12 12 12 12 11 13 13 13 13 13 13 13 6 6 6 6 1 1
10 0 0 0 0 3 3 3 3 3 11 11 11 11 11 11 11 11 8 8 8 8 8 8 8 8 8 10 10 10 0 0 0 0 1 1 1 7 7 7 9 9 4 4 4 4 2 2 2 2 2 2 5 5 5 5 5 5 12 12 12 12 13 13 13 13 13 13 13 13 13 13 13 13 6 6 6 0 0 0
10 10 3 3 3 3 3 3 3 8 8 8 8 8 8 8 8 8 8 8 10 10 10 10 10 0 0 0 0 1 1 1 7 7 9 9 9 4 4 4 2 2 2 2 2 2 5 5 5 5 12 12 12 12 12 12 14 11 11 13 13 13 13 13 13 13 13 4 4 6 9 9 9 9 9
10 10 10 10 3 3 8 8 8 8 8 8 8 8 8 8 8 8 8 8 10 10 10 10 10 0 0 1 1 1 1 1 7 7 9 9 9 4 4 4 4 2 2 2 2 2 2 5 5 5 5 5 5 5 5 12 12 12 12 13 13 13 13 13 13 13 13 13 13 13 13 6 6 6 6 6 6 6 6
10 10 3 3 3 3 3 3 3 8 8 8 8 8 10 10 10 0 0 1 1 7 7 9 4 4 4 2 2 5 5 5 12 12 12 14 14 14 11 11 11 13 13 13 13 13 13 13 6 6 6 6 6 6
0 0 3 3 3 3 3 3 3 3 11 11 11 3 8 8 8 8 10 10 10 10 0 0 0 1 1 1 7 7 7 7 9 9 9 4 4 2 2 2 2 5 5 5 12 12 12 12 14 14 14 14 14 11 11 11 11 13 13 13 13 13 13 6 6 6 6 6 1
10 10 10 3 3 3 3 3 3 3 3 11 11 11 11 11 8 8 8 8 8 8 8 8 8 8 10 10 10 0 0 0 1 1 1 1 7 7 7 9 9 9 4 4 4 4 2 2 2 2 2 5 5 5 5 5 5 5 5 5 5 5 13 13 13 13 13 13 13 13 13 6 6 6 6 6
0 0 0 0 0 0 0 6 6 6 3 3 3 3 3 3 3 3 3 8 8 8 8 8 8 10 10 10 0 0 0 0 0 1 1 1 1 7 7 7 7 9 9 4 4 4 2 2 2 2 5 5 5 5 5 12 12 12 14 14 14 14 14 14 14 14 14 14 14 11 11 11 11 13 13 13 13 13 13 13 13 13 13 13 13 13 13 13 6 6 6 6 6 6 9 9 9 9
3 3 3 3 3 3 3 3 3 3 3 3 3 8 8 8 8 8 8 8 10 10 10 10 10 10 10 0 0 0 0 0 0 0 1 1 1 1 1 1 1 1 7 7 7 7 7 7 7 7 7 9 9 9 9 9 9 4 4 4 4 4 4 4 4 2 2 2 2 2 2 5 5 5 5 5 5 12 12 12 12 12 14 14 14 14 14 14 14 14 14 14 14 14 14 11 11 11 11 11 11 11 11 13 13 13 13 13 13 13 13 13 13 13 6 6 6 6 6 6 0
10 10 3 3 3 3 3 3 3 3 3 3 11 8 8 8 8 8 8 8 8 8 8 10 10 10 10 10 10 10 0 0 0 0 0 0 1 1 1 1 1 1 1 7 7 7 7 7 7 9 9 9 9 9 4 4 4 4 4 4 4 4 2 2 2 2 2 2 2 5 5 5 5 5 12 12 12 12 12 14 14 14 14 14 14 14 14 14 14 11 11 11 11 13 13 13 13 13 13 13 13 13 13 13 6 6 6 6 6 6 6
10 10 3 3 3 3 3 3 3 3 3 11 11 11 11 11 11 11 8 8 8 8 8 8 8 8 8 10 10 10 10 10 0 0 0 0 0 0 0 1 1 1 1 1 7 7 7 7 7 9 9 9 4 4 4 4 4 2 2 2 2 2 2 5 5 5 5 12 12 12 12 12 12 14 14 14 14 11 13 13 13 13 13 13 13 13 13 13 6 6 6 6 6 6
10 10 3 3 3 3 3 3 8 8 8 8 8 8 8 8 8 8 8 8 8 10 10 10 0 0 0 1 1 1 1 7 7 7 7 9 9 9 4 4 2 2 2 2 5 5 5 5 5 12 12 12 12 12 12 13 13 13 13 13 13 13 13 13 13 13 13 13 6 6 6 6 6 6 6
10 10 0 0 0 0 0 0 6 6 6 6 3 3 3 11 11 11 11 8 8 8 8 8 8 8 8 8 8 10 10 10 0 0 0 1 1 1 7 7 9 9 4 4 4 4 2 2 2 2 2 5 5 5 5 5 12 12 12 12 14 14 11 11 11 13 13 13 13 13 13 13 2 2 13 13 13 13 6 6 6 6 1 1 1 1
10 10 10 10 3 3 3 3 3 3 8 8 8 8 8 8 10 10 10 10 10 10 10 0 0 0 0 0 0 1 1 1 7 7 7 7 7 9 9 9 9 4 4 4 4 4 4 2 2 2 5 5 5 5 12 12 12 12 14 14 14 14 14 14 14 14 14 14 11 13 13 13 13 13 13 13 13 13 13 13 13 6 6 6 6 6
10 10 10 10 0 0 0 1 1 6 6 6 6 6 6 6 3 3 3 3 11 11 11 8 8 8 8 8 8 8 8 8 8 8 10 10 10 10 10 0 0 0 0 1 1 1 1 1 1 1 7 7 7 7 7 9 9 9 9 9 9 4 4 4 4 4 2 2 2 2 2 2 2 5 5 5 5 12 12 12 12 14 14 14 14 14 14 14 14 14 14 13 13 13 13 13 13 13 13 13 13 13 13 13 13 13 13 6 6 6 6 6
10 0 3 3 3 3 3 3 3 11 11 11 8 8 8 8 8 8 8 8 10 10 10 0 0 1 1 1 1 7 7 9 9 4 4 4 4 2 2 2 5 5 5 12 12 12 12 14 14 14 14 11 11 13 13 13 13 13 13 13 13 13 4 6 6 6 1 1 1 1
10 3 0 3 0 0 3 3 3 3 3 3 3 3 3 3 8 8 8 8 8 8 8 8 8 10 10 10 10 10 10 0 0 0 1 1 1 7 7 7 7 9 9 4 4 4 4 2 2 2 2 2 2 5 5 5 5 12 12 12 12 14 14 14 14 11 11 11 13 13 13 13 13 13 13 13 13 13 6 6 6 6 6
10 10 3 0 3 3 3 3 3 3 3 3 3 8 8 8 8 8 8 10 10 10 10 0 0 0 1 1 7 7 9 9 9 4 4 2 2 2 2 2 5 5 5 12 12 14 14 14 11 11 11 11 13 13 13 13 13 13 13 13 13 6 6 6 6
10 0 0 0 0 0 3 3 3 3 3 3 3 3 3 8 8 8 8 8 8 8 8 8 8 10 10 10 10 10 0 0 0 1 1 7 7 7 9 9 9 4 4 4 4 2 2 2 2 2 2 5 5 5 5 12 12 12 14 14 14 14 14 11 11 11 11 13 13 13 13 13 13 13 13 13 4 4 6 6 6 6
10 10 0 0 0 0 0 3 3 3 3 3 3 8 8 8 8 8 10 10 10 10 0 0 1 1 7 7 7 9 4 4 4 2 2 2 5 5 12 12 12 14 14 14 14 11 11 11 11 13 13 13 13 13 13 13 13 13 6 6 6
10 0 0 0 0 3 3 3 3 3 8 8 8 8 8 8 10 10 10 0 0 1 1 7 7 9 9 4 4 4 2 2 2 2 5 5 12 12 12 14 14 14 11 11 11 11 11 13 13 13 13 13 13 13 13 13 6 6 6 6
10 10 10 10 0 0 0 0 3 3 3 3 3 3 3 3 8 8 8 8 8 8 8 10 10 10 10 0 0 1 1 1 1 7 7 7 9 4 4 4 4 2 2 2 2 5 5 5 12 12 14 14 14 14 14 14 11 11 11 11 13 13 13 13 13 13 2 4 4 4 4 9 9 9
10 10 0 0 0 3 3 3 3 3 8 8 8 8 8 10 10 10 0 0 1 1 7 7 7 9 4 4 2 2 2 5 5 12 12 14 14 14 11 11 11 11 11 13 13 13 13 13 13 13 13 6 6 6 6
11 11 11 11 11 11 8 8 8 8 8 8 10 10 0 0 1 1 7 7 9 9 4 4 4 2 2 2 2 5 5 12 12 14 14 11 13 13 13 13 13 13 13 13 6 6 6 0 0 0 0 0
10 0 0 0 0 0 3 3 3 3 3 3 3 3 3 3 3 3 11 11 8 8 8 8 8 8 8 8 8 10 10 10 10 10 10 0 0 1 1 1 1 1 7 7 7 9 9 9 4 4 4 4 4 2 2 2 2 2 2 5 5 5 12 12 12 12 14 14 14 14 14 14 14 11 11 13 13 13 13 13 13 2 2 4 4 4 6 6 6 6
10 10 10 10 10 10 3 3 3 3 3 8 8 8 8 8 10 10 10 0 1 1 9 9 4 4 2 2 2 5 5 12 12 14 12 13 13 13 2 2 2 4 4 4 4 9
0 0 0 0 0 3 3 3 8 8 10 10 0 0 1 7 7 9 4 2 2 5 5 12 14 14 14 14 11 11 13 13 13 13 13 13 6 6 6
3 3 3 3 13 13 13 11 11 11 11 11 11 11 11 11 11 11 11 11 8 8 8 8 8 8 8 8 8 8 8 8 8 8 10 10 10 10 10 10 10 10 0 0 0 0 0 1 1 1 1 1 1 1 7 7 9 9 9 9 9 9 9 4 4 4 4 4 4 4 4 4 2 2 2 2 2 2 2 2 2 2 5 5 5 5 5 5 5 5 5 12 12 12 12 12 14 11 11 11 11 11 13 13 13 13 13 13 13 13 13 13 13 13 13 6 6 6 6 6 6 1 1 1 1 1
3 3 3 3 3 3 8 8 8 8 8 8 8 8 8 8 8 8 8 8 8 8 10 10 10 10 10 10 10 0 0 0 0 0 0 1 1 1 1 1 1 1 1 7 7 7 7 7 7 9 9 9 9 9 9 9 9 9 4 4 4 4 4 4 4 4 4 4 2 2 2 2 2 2 2 2 2 5 5 5 5 5 5 5 12 12 12 12 12 12 14 14 14 14 14 14 14 14 14 14 14 14 14 14 11 11 11 11 11 11 13 13 13 13 13 13 13 13 13 13 13 13 13 13 13 13 13 13 6 6 6 6 6 6 6 6 6 6 6 1 1 1 1 1 1 1 1
10 3 3 3 3 3 3 3 11 11 11 8 8 8 8 8 8 10 10 10 0 0 0 1 1 7 7 9 4 4 4 4 2 2 5 5 5 5 12 12 12 12 14 11 13 13 13 13 13 13 13 13 13 13 6 6 6 1 1
0 3 3 3 3 3 3 3 3 3 11 11 8 8 8 8 8 8 8 8 8 8 8 8 10 10 10 10 10 0 0 0 0 0 1 1 1 1 7 7 7 7 7 9 9 4 4 4 4 4 2 2 2 2 2 5 5 5 5 5 12 12 12 12 12 12 12 14 14 14 11 11 13 13 13 13 13 13 13 13 13 13 13 6 6 6 6 6 6 6 6
0 0 0 0 3 3 3 3 3 3 3 3 3 13 13 11 11 11 11 11 11 11 11 11 11 11 11 8 8 8 8 8 8 8 8 8 8 8 10 10 10 10 10 10 0 0 0 0 0 1 1 1 1 1 7 7 7 7 7 9 7 9 9 9 9 4 4 4 4 4 2 2 2 2 2 2 2 5 5 5 5 5 5 5 12 12 12 12 12 12 12 12 12 12 12 14 11 11 11 13 13 13 13 13 13 13 13 6 6 6 6 6 6 6 1 1 1 1 1 1 1 1
0 0 0 3 3 3 3 3 3 3 8 8 8 8 8 8 8 8 8 10 10 10 0 0 0 1 1 1 1 7 7 7 7 9 9 4 4 4 4 2 2 2 2 5 5 5 5 12 12 12 14 14 14 14 14 14 11 11 13 13 13 13 13 13 13 13 13 13 6 6 6 6 6
10 0 0 0 3 3 3 3 3 3 3 3 8 8 8 8 8 8 8 8 8 10 10 10 0 0 1 1 1 7 7 9 4 4 4 4 2 2 2 2 5 5 5 12 12 12 12 12 14 11 13 13 13 13 13 13 13 13 13 13 6 6 6 6 6
0 0 0 0 0 0 0 3 3 3 3 11 11 8 8 8 8 8 8 8 8 8 8 10 10 10 0 0 1 1 1 7 9 9 9 4 4 4 2 2 2 2 2 5 5 5 5 12 12 12 12 12 13 13 13 13 13 13 13 13 2 2 2 4 4 4 6 6 6 6 1 1
0 0 3 3 3 3 3 3 8 8 8 8 8 8 8 8 8 8 8 8 8 10 10 10 10 10 10 0 0 0 1 1 1 1 1 7 7 7 9 9 9 4 4 4 4 4 2 2 2 2 2 2 5 5 5 5 5 12 12 12 12 12 14 14 11 11 11 13 13 13 13 13 13 13 13 13 13 13 13 13 6 6 6 6
10 10 10 3 3 3 8 8 8 8 8 8 8 8 8 10 10 10 0 0 1 1 1 7 9 9 4 4 4 2 2 2 2 5 5 5 5 12 12 12 12 12 13 13 13 13 13 13 13 13 13 13 4 6 6 6
0 0 0 0 3 8 8 8 8 8 8 8 10 10 0 0 1 1 7 7 9 9 4 4 2 2 2 5 5 12 12 14 14 14 11 11 13 13 13 13 13 13 13 13 6 6 6 6
0 0 0 3 3 3 3 3 8 8 8 8 8 8 8 8 8 8 10 10 10 0 0 0 1 1 1 1 7 7 9 9 9 4 4 4 2 2 2 2 5 5 5 12 12 12 12 12 14 14 12 13 13 13 13 13 13 13 13 13 6 6 6 6
0 0 0 0 0 0 3 3 8 8 8 8 8 8 10 10 10 0 0 1 7 7 9 9 4 4 2 2 2 5 12 12 12 14 14 14 14 14 11 13 13 13 13 13 13 6 6 6 6 9
10 0 0 3 3 3 3 3 8 8 8 8 8 8 8 8 10 10 0 0 0 1 1 7 7 9 9 4 4 4 2 2 2 5 5 5 12 12 12 12 12 13 13 13 13 13 13 13 13 13 6 6 6
0 0 0 3 3 8 8 8 8 8 8 8 10 10 10 0 0 1 7 7 7 9 4 4 4 2 2 5 5 5 12 12 14 14 14 14 11 13 13 13 13 13 13 13 13 6 6 6 6
0 0 0 3 3 3 3 8 8 8 8 8 8 8 8 8 8 10 10 10 0 0 0 1 1 1 7 7 7 9 9 4 4 4 4 4 2 2 2 2 5 5 5 5 12 12 12 12 14 14 14 14 11 13 13 13 13 13 13 13 13 13 13 6 6 6 6 6 6 1
10 0 0 0 0 3 3 3 3 3 8 8 8 8 8 8 8 10 10 0 0 0 1 7 7 7 7 9 4 4 4 2 5 5 5 12 12 12 12 12 12 12 5 13 13 13 13 13 13 6 6
10 0 0 0 3 3 3 3 3 8 8 8 8 8 8 8 8 8 8 10 10 10 10 0 0 0 1 1 7 7 7 9 4 4 4 4 2 2 2 2 5 5 5 5 12 12 12 12 12 14 14 11 11 13 13 13 13 13 13 13 13 13 13 13 6 6 6 6 6
8 8 8 8 10 0 7 9 2 5 12 12 14 13 13 13 13 13 6 6 6 1 1
8 8 8 8 10 10 10 10 10 10 10 0 0 0 0 0 1 1 1 1 1 1 1 7 7 7 7 9 9 9 9 9 4 4 4 4 4 2 2 2 2 5 5 5 12 12 12 12 12 14 14 14 14 14 14 14 14 14 14 14 11 11 11 11 11 11 11 11 13 13 13 13 13 13 13 13 13 13 13 13 13 6 6 6 6 6 6 1 1 1 1 1 1 1 7 1
3 3 3 3 11 11 11 11 11 8 8 8 8 8 8 8 8 8 8 10 10 10 10 0 0 0 0 1 1 9 9 9 9 9 9 4 4 4 4 2 2 2 2 2 2 5 5 5 12 12 12 12 12 12 14 14 14 14 14 13 13 13 13 13 13 13 13 13 13 13 13 13 6 6 6 6 6 1 1 1 1 1 1 1 1 1 1 1
