1 0 0 0 0 0 0 10 3 3 3 3 3 3 11 3 11 11 11 11 11 13 11 11 11 11 11 11 11 11 14 14 14 14 14 14 14 12 12 12 12 5 5 5 2 2 2 4 4 4 6 6 6 6 6 6 0 0 1 1 1 7 7 7 7 7 9 9 9 9 9 9 9 6
6 6 6 6 6 6 6 6 6 1 1 1 1 1 1 1 1 1 1 1 7 7 7 7 7 9 6 6 6 6 6 6 6 6 6 6 6 9 4 4 4 4 4 4 2 2 2 2 2 2 2 2 2 5 5 5 5 5 5 5 12 12 12 12 12 14 14 14 14 14 11 11 11 11 11 11 11 11 11 11 11 11 11 11 11 11 11 11 11 8 8 8 8 8 8 8 8 8 10 10 10 10 10 10 10 10
1 1 0 0 0 0 10 10 10 10 10 10 8 8 8 8 8 3 3 3 3 3 3 3 3 3 3 3 3 11 11 11 11 11 11 14 14 14 14 14 12 12 12 12 5 5 2 2 2 2 4 4 4 4 9 9 7 7 7 9 9 6 6 6 4 4 4 4 4 2 2
1 1 1 1 0 0 0 10 10 10 8 8 8 8 3 3 3 3 3 6 6 6 6 6 3 3 3 3 3 11 11 11 11 11 14 14 14 14 14 14 12 12 5 5 5 2 2 2 2 4 4 4 9 9 9 9 9 9 9 9 6 4 4 4 2
0 0 0 0 0 10 10 10 8 8 8 8 3 3 3 3 3 6 6 6 3 3 3 11 11 11 14 14 14 14 14 12 5 5 5 2 2 2 4 4 9 9 9 9 9 6 6 4 4 4
10 10 10 10 10 10 8 8 8 8 8 8 3 3 3 3 3 11 11 11 11 11 14 14 14 14 12 12 12 5 5 5 5 5 2 2 2 2 2 4 4 4 4 4 6 6 6 6 6 6 6 6 3 3 0 0 0 0 1 1 1 1 7 7 9 9 9 9 9 9 9 9 6 6 6
0 0 10 10 8 8 8 8 11 11 11 11 11 11 11 14 14 14 14 12 12 12 5 5 2 2 4 4 4 4 6 6 6 6 6 6 6 0 0 0 1 1 1 1 7 7 7 9 9 9 4 4
0 0 0 0 0 10 10 8 8 8 11 11 11 11 11 11 11 11 14 14 14 14 12 12 5 5 2 2 2 4 4 13 13 13 3 3 0 0 0 1 1 1 7 7 9 9 9 9 9 4 4 6 13 13 13 13
1 1 0 0 0 10 10 10 10 10 8 8 8 8 8 8 3 3 3 3 3 11 11 11 11 11 11 14 14 14 14 14 12 12 12 12 5 5 5 5 2 2 2 2 2 13 13 13 13 13 13 6 3 0 0 0 1 1 1 1 7 7 7 9 9 9 9 4 4 4 4 4 4 4 4 4 4 13 13
0 0 0 0 10 10 10 8 8 8 8 8 11 11 11 11 11 11 11 11 11 14 14 14 14 14 12 12 5 5 5 2 2 2 2 4 4 4 4 13 6 6 6 0 0 0 1 1 1 1 7 7 7 7 9 9 9 9 6 6 6 4 4
6 6 0 0 0 0 0 0 0 0 0 1 1 1 1 1 1 1 1 7 7 7 7 7 9 9 9 9 9 9 9 6 6 6 6 6 6 6 3 3 6 6 6 6 6 6 9 9 9 9 4 4 4 4 2 2 2 2 2 2 2 5 5 5 5 5 5 12 12 12 12 12 14 14 14 14 14 11 11 11 11 11 11 11 11 11 11 11 11 11 11 11 8 8 8 8 8 8 8 10 10 10 10 10 10
6 6 6 6 6 0 0 0 0 0 1 1 1 1 1 1 1 1 7 7 7 7 7 7 6 6 6 6 6 6 6 6 6 6 6 6 6 6 6 6 6 6 6 6 6 6 4 4 4 4 4 4 4 2 2 2 2 2 2 2 2 5 5 5 5 5 12 12 12 12 14 14 14 14 14 14 14 11 11 11 11 11 11 11 11 11 11 11 11 11 11 11 11 11 8 8 8 8 8 10 10 10 10 10 10 10 0 0
6 6 6 6 6 6 6 6 6 6 6 6 6 0 0 0 0 0 1 1 1 1 1 1 1 1 1 1 1 1 1 1 1 1 1 1 7 7 7 7 7 7 9 9 9 9 9 6 6 6 6 6 6 6 6 6 6 6 6 6 6 6 6 6 6 6 4 4 4 4 4 4 4 4 2 2 2 2 2 2 2 2 2 2 2 5 5 5 5 5 5 5 12 12 12 12 12 12 14 14 14 14 14 14 14 14 14 14 11 11 11 11 11 11 11 11 11 11 11 11 11 11 11 11 11 11 11 11 8 8 8 8 8 8 8 8 8 8 8 8 8 8 8 10 10 3 3 3
10 10 10 10 10 10 8 8 8 8 8 8 8 8 8 11 11 11 11 11 11 11 11 3 3 13 3 3 11 11 11 11 11 11 14 14 14 14 14 14 14 14 14 14 14 12 12 12 12 5 5 5 5 5 2 2 2 2 2 2 2 4 4 4 4 4 4 4 9 9 9 9 6 6 6 6 6 6 9 9 9 9 9 9 9 7 7 7 7 7 1 1 1 1 1 1 1 1 0 0 0 0 0 1 1 1 1
10 10 10 10 10 10 10 10 10 10 10 10 10 8 8 8 8 8 8 8 8 8 8 8 8 8 3 3 3 3 3 3 3 3 11 11 11 11 11 11 11 11 11 11 11 11 11 11 14 14 14 14 14 14 14 14 14 14 12 12 12 12 12 12 12 12 12 12 5 5 5 5 5 5 5 5 5 5 5 5 5 5 5 2 2 2 2 2 2 2 2 2 2 2 2 4 4 4 4 4 4 4 4 4 9 9 9 9 9 9 6 6 6 6 6 6 6 6 6 6 6 6 6 6 0 0 0 0 1 1 1 1 1 1 1 1 1 1 1 1 1 7 7 7 7 7 7 7 9 9 9 9 9 9 9 9 9 9 6 6
10 10 10 8 8 8 11 11 11 11 11 11 14 14 14 12 12 5 5 2 2 4 4 4 6 13 6 6 9 7 1 1 1 0 0 6 6 6 9 9 6
10 10 10 10 10 8 8 8 8 3 3 3 3 3 3 3 3 8 11 11 11 11 14 14 14 12 12 5 5 5 5 2 2 2 2 2 2 4 4 4 4 6 6 6 6 6 1 1 1 1 7 7 9 9 4 4
10 10 10 10 10 10 10 10 10 10 10 10 10 10 10 10 8 8 8 8 8 8 8 8 8 8 8 3 3 3 3 3 3 3 3 3 3 3 3 3 3 3 11 11 11 11 11 11 11 11 11 11 11 11 11 11 14 14 14 14 14 14 14 14 12 12 12 12 12 12 12 12 12 12 5 5 5 5 5 5 5 5 5 5 5 5 2 2 2 2 2 2 2 2 2 2 2 2 4 4 4 4 4 4 4 4 4 4 4 4 9 9 9 9 9 9 9 9 9 9 9 6 6 6 6 6 6 6 6 0 0 0 0 0 0 0 1 1 1 1 1 7 7 7 7 7 9 9 9 4 4 4 4 4 4 4
10 10 10 10 10 10 10 10 10 10 10 10 10 8 8 8 8 8 8 8 8 8 8 8 11 11 11 11 11 11 11 11 11 11 11 3 3 3 13 13 13 3 3 11 11 11 11 11 11 11 11 11 11 11 11 11 14 14 14 14 14 14 14 14 12 12 12 12 12 12 12 12 5 5 5 5 5 5 5 5 5 5 2 2 2 2 2 2 2 2 2 2 4 4 4 4 4 4 4 4 4 6 9 9 9 9 9 9 7 7 7 7 7 7 7 7 7 1 1 1 1 1 1 1 1 1 1 1 6 6 6 6 6 6 6 6 9 4 4 4 4
0 0 0 0 0 0 0 10 10 10 10 10 10 10 8 8 8 8 8 8 8 11 11 11 11 11 11 11 3 3 3 3 3 3 11 11 11 11 11 11 11 11 11 11 14 14 14 14 14 14 14 14 14 12 12 12 12 12 12 5 5 5 5 5 5 5 2 2 2 2 2 2 2 4 4 4 4 4 9 9 9 6 6 6 6 6 6 1 1 1 1 1 1 1 1 1 1 7 7 7 7 7 7 7 9 9 9 9 9 9 6 6
10 10 10 10 10 10 10 8 8 8 8 8 8 8 11 11 11 11 11 11 11 3 3 3 3 3 11 11 11 11 11 14 14 14 14 14 14 14 14 14 12 12 12 12 12 12 12 5 5 5 5 5 2 2 2 2 2 4 4 4 4 4 13 13 13 13 13 13 13 13 6 6 6 6 6 0 0 0 1 1 1 1 1 1 7 7 7 7 7 7 7 7 9 9 9 9 9 6 6 6 6 6 6 6
0 0 0 0 10 10 10 10 10 10 10 8 8 8 8 8 8 8 3 3 3 3 3 3 3 3 3 3 13 3 3 3 3 3 11 11 11 11 11 11 11 14 14 14 14 14 14 14 12 12 12 12 12 5 5 5 5 2 2 2 2 4 4 4 4 9 9 7 7 7 7 7 7 7 7 1 1 1 1 1 6 6 6 6 6 4 4 4 4 4 4 4
10 10 10 10 10 10 10 10 10 10 10 10 8 8 8 8 8 8 8 8 8 8 11 3 3 3 3 3 3 3 3 3 3 3 3 11 11 11 11 11 11 11 11 11 11 14 14 14 14 14 14 12 12 12 12 12 5 5 5 5 5 2 2 2 2 2 2 2 2 2 4 4 4 4 4 9 9 9 9 9 7 7 7 7 1 1 1 1 1 1 1 1 1 1 0 6 6 6 6 6 13 13 13 13 4 4 4 4 4 4 4 4 4
10 10 10 10 10 10 10 10 10 10 10 10 8 8 8 8 8 8 8 8 8 8 8 8 11 11 11 11 11 11 11 11 11 11 11 11 11 13 11 11 11 11 11 11 11 11 11 11 11 14 14 14 14 14 14 14 14 14 14 12 12 12 12 12 12 12 12 12 5 5 5 5 5 5 5 5 5 5 2 2 2 2 2 2 2 2 2 2 4 4 4 4 4 4 4 4 9 9 9 9 9 6 6 6 6 6 6 6 6 6 6 6 6 0 0 0 0 0 0 0 1 1 1 1 1 1 1 1 1 1 7 7 7 7 7 7 9 9 9 9 9 9 9 9 9 9 6 6 6 6 6 6 6 6 6 6 6 0 0
0 0 10 10 10 10 10 10 10 10 10 10 10 8 8 8 8 8 8 8 8 8 8 3 3 3 3 3 3 3 3 3 11 11 11 11 11 11 11 11 11 11 11 11 11 14 14 14 14 14 14 14 12 12 12 12 12 12 5 5 5 5 5 5 2 2 2 2 2 2 2 2 2 2 4 4 4 4 4 4 4 4 4 4 4 6 6 6 6 6 6 6 6 6 6 6 6 6 1 1 1 1 1 1 1 7 7 7 7 9 9 9 4 4 4 4 4 4
10 10 10 10 10 10 10 8 8 8 8 8 8 11 11 11 11 11 13 13 13 11 11 11 11 11 11 11 11 14 14 14 14 12 12 12 5 5 5 2 2 2 4 4 9 9 7 7 7 7 1 1 1 1 6 6 6 6 6 13 4 4 4 4 4 4 4 4
10 10 10 10 10 10 8 8 8 8 8 8 11 11 11 11 11 11 11 11 11 11 11 11 11 11 11 11 11 11 11 11 11 11 11 11 14 14 14 14 14 14 14 14 12 12 12 12 12 12 5 5 5 5 5 2 2 2 2 4 4 4 4 4 4 9 9 9 9 9 9 9 9 9 6 6 6 6 6 6 6 6 6 6 0 0 0 0 0 0 0 0 1 1 1 1 1 1 1 7 7 7 7 9 9 9 9 9 9
0 0 10 10 10 10 10 10 10 10 10 10 10 10 10 8 8 8 8 8 8 8 8 8 11 3 3 3 3 3 3 3 3 3 3 3 3 3 11 11 11 11 11 11 11 11 14 14 14 14 14 14 12 12 12 12 12 12 5 5 5 5 5 2 2 2 2 2 2 2 4 4 4 4 4 9 9 9 9 7 7 7 7 7 7 1 1 1 6 6 6 6 6 6 6 6 13 13 13 13 13 13 4 4 4 4 4 4 4 4 4
0 0 0 0 0 10 10 10 10 10 10 10 10 10 8 8 8 8 8 8 8 8 8 8 8 3 3 3 3 3 3 3 3 3 3 3 3 3 11 11 11 11 11 11 11 11 14 14 14 14 14 14 14 14 12 12 12 12 12 5 5 5 5 5 5 5 2 2 2 2 2 2 2 2 2 2 2 4 4 4 4 4 4 6 4 4 4 4 4 4 9 9 9 9 7 7 7 7 7 7 7 7 1 1 1 1 6 6 6 6 6 6 6 6 6 13
0 0 0 0 0 0 0 0 0 0 0 10 10 10 10 10 10 10 8 8 8 8 8 8 8 8 8 8 8 11 11 11 11 11 11 11 11 11 11 11 11 11 11 11 11 11 11 11 11 14 14 14 14 12 12 12 12 12 12 5 5 5 5 5 5 5 2 2 2 2 2 2 2 4 4 4 4 9 9 9 9 9 7 7 7 7 1 1 1 1 1 1 6 6 6 6 6 6 6 6 6 6 4 4 4 4 4 4 4 4
0 0 10 10 10 10 10 10 10 10 8 8 8 8 8 8 8 8 11 11 11 11 11 11 11 3 3 3 11 11 11 11 11 11 11 14 14 14 14 12 12 12 12 12 12 5 5 5 5 5 2 2 2 2 2 4 4 4 4 4 9 9 9 7 7 7 1 1 1 1 1 1 1 1 1 6 6 6 6 6 6 6 6 4 4 4 4 4 4 4 4 4
6 6 6 6 6 6 6 1 1 1 1 1 1 7 7 7 7 9 9 9 6 6 6 6 6 9 4 4 4 2 2 2 5 5 5 12 12 12 14 14 14 14 14 14 11 11 11 11 11 11 11 11 11 11 11 8 8 8 8 10 10 10 0 0 0 0
4 4 13 13 13 6 6 6 6 6 6 1 1 1 1 7 7 9 9 9 9 4 4 4 4 4 4 4 4 4 4 4 4 4 4 2 2 2 2 5 5 5 12 12 12 12 14 14 14 14 14 11 11 11 11 11 11 11 11 11 11 11 11 11 11 8 8 8 8 8 10 10 10 10 10 10 10 0 0 0 0 6 6
0 0 0 10 10 10 10 10 10 10 10 10 8 8 8 8 8 8 11 11 11 11 3 3 3 3 3 3 3 3 3 3 11 11 11 11 11 11 14 14 14 14 14 14 12 12 12 12 12 12 5 5 5 5 2 2 2 2 2 2 4 4 4 9 9 7 7 7 7 1 1 1 1 1 1 1 6 6 6 6 6 4 4 9 9 9 9 9 9
10 10 10 10 10 10 10 10 10 8 8 8 8 8 8 8 8 11 11 11 11 11 11 11 11 11 11 11 11 11 11 11 11 11 11 14 14 14 14 14 14 14 14 14 14 14 12 12 12 12 12 12 12 12 12 12 5 5 5 5 5 5 5 5 5 5 2 2 2 2 2 2 2 4 4 4 4 4 4 4 9 9 9 9 9 9 9 9 6 6 6 6 6 6 6 6 6 6 6 6 6 0 0 0 0 0 0 0 0 0 1 1 1 1 1 1 1 1 1 1 7 7 7 7 7 7 7 9 9 9 9 9 6
10 10 10 10 10 10 10 10 10 10 10 10 10 8 8 8 8 11 11 3 3 3 3 3 3 3 3 3 3 3 3 3 11 11 11 11 11 11 11 14 14 14 14 14 14 14 14 14 12 12 12 12 12 12 5 5 5 5 5 5 5 2 2 2 2 2 2 2 4 4 4 4 4 4 9 9 9 9 9 7 7 7 7 7 7 1 1 1 1 6 6 6 6 6 6 4 4 4 4 4 4 4
10 10 10 10 10 10 10 10 10 8 8 8 8 8 3 3 3 3 11 3 11 11 11 11 11 11 11 11 11 11 14 14 14 14 14 12 12 5 5 5 5 5 2 2 2 2 2 2 2 2 4 4 4 4 4 4 13 6 13 13 13 6 6 6 6 9 9 9 9 7 7 7 1 1 1 1 1 1 1 6 6 6 6 4
0 0 0 0 0 10 10 10 10 10 10 8 8 8 8 3 3 3 3 3 3 3 3 3 3 11 11 11 11 11 11 11 11 14 14 14 14 14 12 12 12 5 5 5 5 2 2 2 4 4 4 9 9 9 7 7 7 1 1 1 6 6 6 6 6 4 4 4 4 4 4 4
0 0 0 0 10 10 10 10 10 8 8 8 8 3 3 3 3 3 3 3 3 3 3 11 11 11 11 11 11 14 14 12 12 5 5 5 5 2 2 2 4 4 4 4 9 9 9 9 9 9 9 4 4 4 2 2 2
0 0 0 10 10 10 10 10 10 10 10 8 8 8 8 8 3 3 3 3 3 3 3 3 11 11 11 11 11 11 11 14 14 14 14 14 14 12 12 12 5 5 5 5 2 2 2 4 4 4 9 7 7 1 1 1 1 1 1 1 1 6 6 6 4 4 4 4 4 4 4 4 4 2 2
0 0 0 0 0 10 10 10 10 10 10 8 8 8 3 3 3 3 3 3 3 11 11 11 11 11 11 14 12 12 5 5 5 2 2 2 4 4 4 4 9 9 9 9 9 4 4 2 2 2 2 2
0 0 0 0 10 10 10 10 10 10 10 8 10 3 3 3 3 3 3 3 3 11 11 11 11 11 14 14 12 5 5 5 2 2 2 2 4 4 4 9 9 9 6 6 4 4 4 4 2 2 2
0 0 10 10 10 10 10 10 10 10 3 3 3 3 3 3 3 3 3 3 11 11 11 11 14 14 14 12 12 5 5 5 2 2 2 4 4 4 9 9 6 6 6 6 6 6 4 4 4 2
0 0 0 0 10 10 10 10 8 8 3 3 3 3 3 3 3 11 11 11 11 14 14 14 12 12 5 5 2 2 2 4 9 9 9 7 9 6 6 6 4 4 4 2
0 0 0 0 10 10 10 10 10 10 10 8 8 8 8 8 8 8 3 3 3 3 3 3 3 13 13 13 13 3 3 3 11 11 11 11 11 14 14 14 14 14 14 14 12 12 12 5 5 5 5 2 2 2 2 4 4 4 9 9 9 7 7 7 7 7 1 1 1 6 6 6 6 6 6 4 4 4 4 4 4 4
10 10 8 11 3 11 14 12 12 2 4 9 6 6 9 1 0 3 6 9
0 0 0 10 10 10 10 10 8 8 8 3 3 3 3 3 3 3 11 11 11 11 14 14 12 12 5 5 5 2 2 2 4 4 9 7 7 1 1 6 6 6 13 4 2 2 2 2
0 0 10 10 10 8 8 3 3 3 3 3 3 11 11 14 14 12 5 5 2 4 4 9 9 6 6 6 4 2 2 2
10 10 10 10 10 10 10 10 10 8 8 8 8 8 3 11 11 3 3 13 13 11 11 11 11 11 14 14 14 14 14 12 12 12 12 5 5 5 5 2 2 4 4 4 4 4 4 4 4 4 4 4 4 4 4 4 9 9 9 7 7 7 1 1 1 1 1 6 6 6 6 4 4
10 10 10 10 10 10 10 8 8 8 8 8 8 8 8 3 11 3 3 3 3 3 3 3 11 11 11 11 11 11 11 14 14 14 14 14 14 14 14 14 14 14 12 12 12 12 12 12 12 5 5 5 5 5 5 5 5 2 2 2 2 2 2 2 4 4 4 4 4 4 4 9 9 9 9 9 7 9 6 6 6 6 6 6 6 6 6 6 9 7 7 7 7 7 1 1 1 1 1 1 1 1 1 0 0 0 6 6 6 6 6 6 6 6
10 10 10 10 10 10 10 8 8 8 8 8 3 3 3 3 3 3 11 11 11 11 11 11 14 14 14 14 14 14 14 12 12 12 12 5 5 5 5 2 2 2 2 2 2 4 4 4 4 4 4 4 9 9 9 6 6 6 6 6 6 6 0 0 0 0 0 0 1 1 1 1 7 7 9 9 9 4 13 13
10 10 10 10 10 10 10 10 10 10 10 10 8 8 8 8 8 8 8 8 8 8 3 3 3 3 3 3 3 3 3 3 8 11 11 11 11 11 11 11 14 14 14 14 14 14 14 14 12 12 12 12 12 12 12 12 5 5 5 5 5 5 5 5 2 2 2 2 2 2 2 4 4 4 4 4 4 4 4 4 4 4 4 4 4 4 6 6 6 6 6 6 6 6 6 6 6 6 6 4 9 9 9 9 9 9 7 7 7 7 7 7 1 1 1 1 1 1 6 6 6 6 6 6 6 6 6 6 6 6 6
10 10 10 10 10 10 8 8 8 8 8 8 8 11 11 11 3 3 3 3 3 11 11 11 11 11 11 14 14 14 14 14 14 14 14 12 12 12 12 12 12 5 5 5 5 5 5 5 2 2 2 2 2 2 4 4 4 4 4 4 9 9 9 9 7 7 7 7 7 7 7 1 1 1 1 1 0 0 0 0 6 6 6 6 6 6 6 9 9 9
0 0 0 0 0 10 10 10 10 10 10 10 10 10 10 8 8 8 8 8 8 8 8 3 3 3 3 3 3 3 3 3 3 3 3 11 11 11 11 11 11 11 11 11 11 14 14 14 14 14 14 14 14 14 12 12 12 12 12 12 12 5 5 5 5 5 5 5 5 2 2 2 2 2 2 4 4 4 4 4 4 9 9 9 9 9 9 9 9 9 9 9 6 6 6 6 6 6 6 6 6 0 0 0 0 1 1 1 1 1 7 7 7 7 9 9 9 9 9 4 4 4
0 10 10 10 10 10 10 10 10 10 10 10 10 8 8 8 8 8 3 3 3 3 3 3 3 3 3 3 8 8 11 11 11 11 11 11 11 14 14 14 14 12 12 12 12 5 5 5 5 5 2 2 2 2 2 2 2 4 4 4 4 4 4 4 13 13 13 13 13 13 13 6 6 6 6 6 6 6 6 6 6 9 9 9 9 9 9 4 4 4 4 4 4 4 4 2 4 4 13 13 13 13
10 10 10 10 10 10 10 10 8 8 8 8 8 8 8 8 3 3 3 3 3 3 3 3 3 3 11 11 11 11 11 11 11 11 14 14 14 14 14 14 12 12 12 12 5 5 5 5 5 5 2 2 2 2 2 2 4 4 4 4 4 4 4 4 4 4 13 13 13 13 6 6 6 6 6 6 6 0 1 1 1 1 1 1 1 1 7 7 7 9 9 9 9 4 4 4 4 4 4 4 4 2 13
0 0 0 0 10 10 10 10 10 10 10 10 10 8 8 8 8 8 8 8 8 8 8 8 11 11 11 11 11 11 11 11 11 11 11 11 3 13 13 13 3 11 11 11 11 11 11 11 11 11 11 11 11 11 11 11 14 14 14 14 14 14 14 14 14 14 14 14 14 12 12 12 12 12 12 12 12 5 5 5 5 5 5 5 5 5 5 5 2 2 2 2 2 2 2 2 2 2 2 2 4 4 4 4 4 4 4 4 4 9 9 9 9 9 9 9 9 9 1 1 1 7 7 7 7 7 7 7 7 7 7 7 7 7 1 1 1 1 1 1 1 1 1 1 0 0 0 0 0 0 0 6 6 6 6 6 6 6 6
0 0 10 10 10 10 10 10 10 8 8 8 3 3 3 3 3 3 3 3 3 11 11 11 11 11 14 14 14 14 12 12 12 5 5 5 2 2 2 2 2 2 2 2 2 4 2 13 13 13 13 13 13 6 6 6 6 6 1 1 1 7 9 9 9 9 4 4 4 4 4 4 13 13
10 10 10 10 10 10 8 8 8 8 3 3 3 3 3 3 3 3 11 11 11 11 14 14 14 12 12 12 5 5 5 2 2 2 2 2 4 4 2 2 13 13 13 13 13 6 6 6 6 6 1 1 1 1 7 7 9 9 4 4 4 4 4 4 13
10 10 10 10 10 10 10 10 8 8 8 8 8 8 8 3 3 3 3 3 3 3 3 3 11 11 11 11 11 14 14 14 14 14 14 14 12 12 12 12 5 5 5 5 5 2 2 2 2 2 2 2 2 4 4 4 4 4 13 13 6 6 6 6 6 6 6 0 0 0 0 1 1 1 1 1 7 7 7 7 7 7 9 9 9 4 4 4 4 4 4 13 13
10 10 10 10 10 10 10 10 8 8 8 8 8 3 3 3 3 3 3 3 3 3 11 11 11 11 11 11 11 14 14 14 14 14 12 12 12 5 5 5 5 2 2 2 2 2 2 2 2 2 4 4 13 13 13 6 6 6 6 6 1 1 1 1 1 1 7 7 7 7 9 9 4 4 4 4 4 4 4 13 13
10 10 10 10 10 10 10 10 8 8 8 8 8 8 8 3 3 3 3 3 3 3 11 11 11 11 11 14 14 14 14 14 14 12 12 12 5 5 5 5 2 2 2 2 2 2 2 2 2 4 4 4 13 13 13 13 13 13 13 6 6 6 0 0 0 0 0 1 1 1 1 1 1 7 7 7 9 9 9 4 4 4 4 4 4 4 13 13 13
10 10 10 10 10 10 10 8 8 8 8 8 3 3 3 3 3 3 3 3 11 11 11 11 14 14 14 14 14 12 12 5 5 5 5 2 2 2 2 2 2 2 4 13 13 13 13 6 6 6 6 6 1 1 1 1 7 7 7 7 9 9 9 4 4 4 4 4 2 13
0 0 10 10 10 10 10 10 10 10 8 8 8 8 8 8 8 8 3 3 3 3 3 3 3 3 3 3 3 11 11 11 11 11 11 14 14 14 14 12 12 12 12 5 5 5 5 2 2 2 2 2 2 2 2 2 2 2 2 2 13 13 13 13 13 13 6 6 6 6 6 1 1 1 1 1 7 7 7 7 9 9 9 4 4 4 4 4 4 13 13
10 10 10 10 10 10 10 10 10 10 10 8 8 8 8 8 8 8 8 3 3 3 3 3 3 3 3 3 3 3 11 11 11 11 11 11 11 14 14 14 14 14 12 12 12 12 12 12 5 5 5 5 5 5 2 2 2 2 2 2 2 2 2 4 4 4 4 4 4 4 4 4 9 4 6 6 6 6 6 13 13 13 13 3 3 3 3 0 0 0 0 1 1 1 1 1 7 7 7 7 7 9 9 9 9 9 4 4 4 6 13 13
0 10 10 10 10 10 10 10 8 8 8 8 8 3 3 3 3 3 3 3 3 11 11 11 11 11 14 14 14 14 14 12 12 12 12 5 5 5 2 2 2 2 4 4 4 4 4 6 6 6 6 6 6 1 1 1 1 1 1 7 7 7 7 9 9 4 4 4 4 13 13 13
10 10 10 10 10 8 8 8 8 8 8 11 11 11 11 3 11 11 11 11 11 14 14 14 14 12 12 12 5 5 5 2 2 2 2 4 4 4 4 4 6 6 6 6 6 0 1 1 1 1 1 1 7 7 7 9 9 9 4 4 4 4 4 13 13
10 10 10 8 8 8 3 3 11 11 11 11 14 14 12 12 12 5 5 2 2 2 4 4 4 13 6 9 7 7 1 1 1 0 6 6 6 9 7 7
0 0 10 10 10 10 10 10 10 10 8 8 8 8 8 8 8 8 3 3 3 3 3 3 3 3 6 6 3 3 3 3 3 3 11 11 11 11 11 11 14 14 14 14 14 14 14 12 12 12 12 12 5 5 5 5 2 2 2 2 2 2 4 4 4 4 9 9 9 9 9 7 7 7 7 7 9 6 6 6 6 6 6 6 6 6 13 4 4 4 4 4 4 4
1 1 1 1 0 0 0 0 10 10 10 10 10 10 10 10 8 8 8 8 8 8 8 8 3 3 3 3 3 3 3 3 3 3 3 3 3 3 11 11 11 11 11 11 11 11 14 14 14 14 14 14 14 12 12 5 5 5 5 5 2 2 2 2 2 2 2 4 4 4 9 9 9 9 7 9 7 9 6 6 6 6 6 4 4 4 4 4 4 2 2 2 2
