3 3 3 3 0 0 0 1 1 7 7 7 7 7 7 9 9 9 9 9 9 9 9 4 4 13 13 13 13 3 3 3 8 8 8 8 8 8 8 8 8 11 11 14 14 14 14 12 12 5 5 5 5 2 2 2 5 5 5
3 3 8 8 8 10 10 0 0 1 1 1 7 7 7 7 7 7 7 7 7 7 1 7 9 7 7 9 9 9 9 9 4 4 4 4 4 4 13 13 13 13 13 13 11 11 11 11 11 3 3 3 3 3 8 8 8 8 8 11 11 11 11 14 14 14 12 12 12 12 12 12 12 5 5 12 12 12 12 12
3 3 3 3 3 0 0 0 1 1 1 1 7 7 7 7 7 7 7 7 9 9 9 9 9 6 6 9 9 9 9 9 9 4 4 4 4 4 4 13 13 13 13 13 11 11 11 3 3 3 8 10 10 10 10 10 10 10 10 8 8 3 11 11 11 11 14 14 14 14 14 14 12 12 12 12 5 5 5 5 5 5 5 12 12 12 12
8 8 8 8 8 10 0 0 0 1 1 1 7 7 7 7 9 9 9 6 6 6 6 9 9 9 4 4 4 4 4 4 4 13 13 3 3 3 3 8 10 10 10 10 10 8 8 8 11 11 11 11 14 14 14 14 12 12 12 5 5 5 5 5 5 5 5 5 12
3 3 3 3 3 0 0 0 0 1 1 1 7 7 7 7 7 9 9 9 9 9 9 9 4 4 4 4 4 4 4 4 4 13 13 13 13 11 11 3 3 3 3 10 10 10 10 10 10 10 10 10 3 3 11 11 11 14 14 14 14 14 14 12 12 5 5 5 5 5 5 5 5 12 12 12
3 3 3 3 3 3 0 0 1 1 1 1 7 7 7 7 7 7 9 9 9 9 6 9 9 9 9 9 4 4 4 4 4 13 13 13 3 3 3 3 8 10 10 10 10 10 10 8 3 3 11 11 11 14 14 14 14 14 14 14 12 12 12 12 5 5 5 5 5 5 12 12 12
3 3 3 3 0 0 1 1 7 7 7 9 9 9 9 9 9 4 4 4 4 4 4 13 13 11 3 8 8 10 10 10 10 10 8 8 11 11 11 14 14 14 12 12 5 5 5 5 5 5 5 5 5
3 3 3 3 3 3 0 1 1 7 7 7 7 9 9 9 9 9 9 9 4 4 13 13 11 11 3 8 8 10 10 10 8 3 11 11 14 14 12 12 5 5 5 5 5 5 5 5
3 3 3 10 0 1 1 7 7 7 9 6 6 9 9 4 4 4 4 4 13 3 3 10 10 10 10 8 8 11 11 14 14 14 12 12 5 5 5 5 5 12 12
3 3 8 8 8 3 10 0 0 1 1 7 7 7 9 9 9 9 9 9 9 9 9 4 4 4 4 4 4 13 13 3 3 3 10 10 10 10 10 10 8 8 11 11 11 14 14 14 12 12 12 5 5 5 5 2 5 13 13 12 12
3 3 3 3 3 3 3 0 0 0 1 1 7 7 7 7 9 9 9 9 9 9 9 9 4 4 4 4 4 4 13 13 13 3 3 3 8 10 10 10 10 10 8 8 8 11 11 11 14 14 14 12 12 5 5 5 5 2 2 2 5 12 12
3 3 3 3 3 3 3 10 10 0 0 0 0 1 1 1 7 7 7 7 7 9 9 9 6 9 9 9 9 4 4 4 2 2 2 13 13 11 11 11 3 8 8 8 8 8 3 3 11 11 14 14 12 12 12 5 5 5 12 14 14 14
3 3 3 3 3 3 3 3 3 3 0 0 0 1 1 1 1 1 7 7 7 7 7 7 7 7 7 7 9 9 9 9 9 9 9 9 9 9 4 4 4 4 4 4 4 4 13 13 13 13 3 3 3 3 3 3 3 10 10 10 10 10 10 10 10 10 10 0 3 3 3 3 11 11 11 11 14 14 14 14 14 14 14 14 14 14 14 12 12 12 5 5 5 5 5 5 5 5 12 12 12 12 14 14 14 14
8 8 8 10 10 0 0 0 1 1 1 1 1 1 7 7 1 7 7 7 7 7 7 7 9 9 9 9 9 4 4 4 4 13 13 13 13 13 13 13 13 3 3 3 3 3 3 8 8 8 8 8 8 11 11 11 11 14 14 14 14 14 12 12 12 12 5 5 5 5 5 5 5 5 5 5 5 12 12
10 8 0 0 1 1 7 7 7 9 9 9 4 4 4 13 13 11 11 8 8 8 8 10 10 10 10 10 10 10 10 3 3 3 11 11 11 14 12 12 12 5 5 2 2 2 2 2 13 5 5
3 3 3 3 3 3 3 3 3 3 3 3 3 0 0 0 0 0 0 0 1 1 1 1 1 1 1 1 1 7 7 7 7 7 7 7 7 7 7 7 7 7 9 9 9 9 9 9 9 6 6 6 6 6 6 6 9 9 9 9 9 9 9 9 9 4 4 4 4 4 4 4 4 13 13 13 13 13 13 11 11 11 11 11 11 11 11 11 11 8 8 8 8 8 8 8 8 8 10 10 10 3 3 3 3 3 3 3 11 11 11 11 11 11 14 14 14 14 14 14 14 14 14 14 12 12 12 12 12 5 5 5 5 12 12 12 12 12 14 14 14
3 3 3 10 10 10 0 0 0 0 0 0 0 0 0 1 1 1 1 1 1 1 1 1 7 7 7 7 7 7 7 7 7 9 9 9 9 9 9 9 9 6 6 6 6 6 9 9 9 9 4 4 4 4 4 4 4 4 4 4 2 2 13 13 13 13 13 13 13 13 13 13 11 11 11 11 11 11 11 11 11 11 11 3 3 3 3 3 3 3 3 3 10 10 10 3 3 3 8 3 11 11 11 11 14 14 14 14 14 14 12 12 12 12 12 12 12 12 12 12 12 14 12 14
3 0 1 7 7 9 9 9 9 4 4 13 13 3 3 3 10 10 10 3 11 11 14 12 12 5 5 5 14 14
3 3 10 0 1 7 7 7 9 6 9 9 9 4 4 13 13 11 3 8 10 10 10 8 11 11 14 14 14 12 13 2 2 5 5 12 14
3 3 3 3 3 0 0 0 0 0 1 1 1 1 1 1 1 7 7 7 7 7 7 7 7 7 7 7 7 7 7 7 9 9 9 6 9 9 9 9 9 9 9 9 9 9 9 9 4 4 4 6 6 13 13 13 13 13 13 13 3 3 11 3 3 3 3 3 3 3 3 3 8 8 8 10 10 10 3 3 3 3 3 3 3 3 11 11 11 11 11 14 14 14 14 14 14 14 14 12 12 12 12 12 5 5 5 5 5 2 2 5 13 5 5 12 12 12 14 14 14 14 14 14 14 14 14
3 10 10 0 0 0 1 1 1 1 1 7 7 7 7 7 7 7 9 9 6 6 6 6 6 6 6 6 7 7 7 9 9 9 9 4 4 4 4 13 13 13 13 13 11 11 11 11 11 11 11 11 3 3 8 8 8 8 3 3 8 3 3 3 3 11 11 11 11 14 14 14 14 12 12 12 5 5 5 5 5 5 5 5 12 14 14 14 12 12 12
3 3 3 3 0 0 0 1 1 1 1 1 7 7 7 7 7 7 7 7 7 7 9 6 6 6 6 6 6 9 9 9 9 9 9 9 4 4 4 4 4 13 13 13 13 11 11 11 11 11 11 11 3 3 8 8 8 8 8 8 3 3 3 3 3 3 3 11 11 11 11 14 14 14 14 12 12 12 12 12 12 5 5 5 5 12 12 12 12 12 14 12 14
3 3 3 3 3 3 3 0 0 1 1 1 7 7 7 7 7 7 7 7 7 7 7 7 7 7 9 9 9 9 9 4 4 6 6 6 13 13 3 3 3 3 3 3 3 3 10 10 10 10 10 10 10 8 3 3 3 11 11 11 11 14 14 14 14 12 12 12 12 12 5 5 5 5 5 5 5 5 5 12 12 12 12 14 14
3 3 0 0 1 7 7 7 7 7 7 6 6 6 6 6 6 6 6 9 9 4 4 4 13 13 3 3 3 3 10 10 10 10 10 8 8 8 11 14 14 14 14 14 12 12 12 5 5 5 5 5 12 14
3 3 3 3 3 3 0 0 1 1 1 1 7 7 7 7 7 7 9 9 9 9 9 9 9 9 9 9 9 9 9 9 4 4 13 13 13 13 13 11 3 3 3 8 8 8 10 10 10 10 10 3 3 3 3 11 11 11 14 14 12 12 12 12 12 5 5 5 5 12 12 12 12 14 14 14
3 3 3 3 3 3 0 0 0 1 1 1 7 7 7 7 7 7 9 9 6 6 6 9 9 9 9 9 9 9 4 4 4 4 4 13 13 13 11 3 3 8 8 8 10 10 10 10 10 10 10 3 3 3 11 11 11 14 14 14 14 12 12 12 12 5 5 5 5 5 5 5 12 12 12 12 12
11 3 3 3 3 3 10 0 0 1 1 1 1 7 7 7 7 9 9 9 9 9 9 9 9 9 9 9 9 9 9 4 4 4 4 13 13 13 11 11 3 8 8 8 8 8 10 10 10 10 10 10 8 8 11 11 11 11 14 14 12 12 12 12 5 5 5 5 5 5 5 5 12 12 12 14
3 3 3 3 0 1 1 7 9 9 6 6 6 9 9 9 9 4 4 4 13 13 3 3 10 10 10 10 10 8 11 11 14 14 12 12 12 5 5 12 12 14 14
8 8 10 0 0 1 1 7 7 7 9 9 6 6 6 6 6 9 9 9 9 9 9 4 4 4 13 13 13 3 3 3 10 10 10 10 10 10 8 8 11 11 11 14 14 14 12 12 5 5 5 5 5 5 12 12 14 14
3 3 3 3 3 3 0 0 0 1 1 1 7 7 7 7 9 9 9 9 9 9 9 9 4 4 4 4 4 4 4 13 13 13 13 3 3 3 8 10 10 10 10 10 10 10 10 8 8 8 11 11 11 14 14 12 12 12 12 5 5 5 5 5 5 5 12 12 12 14 14
3 0 0 1 1 1 1 7 7 7 7 7 7 7 7 7 9 9 6 6 6 6 6 6 6 6 6 9 9 9 9 4 4 4 4 4 4 13 13 13 13 3 3 3 3 3 3 3 8 10 10 10 10 10 10 10 10 10 3 3 11 11 11 11 14 14 14 14 12 12 12 12 12 12 12 5 5 5 5 12 12 14 14 14 14
10 10 10 0 0 0 1 1 1 1 7 7 7 7 7 7 7 7 9 9 9 9 9 9 9 9 9 9 9 4 4 4 4 4 4 13 13 13 13 13 13 13 3 3 3 3 3 3 3 10 10 10 10 10 8 8 8 11 11 11 14 14 14 14 14 14 12 12 12 12 12 12 12 12 12 12 14 14 14 14
8 8 8 8 10 10 0 0 0 0 1 1 1 1 1 7 7 7 7 7 7 7 7 9 9 6 6 6 6 6 9 9 9 9 9 4 4 4 4 4 4 4 13 13 13 13 13 13 13 11 11 3 3 3 3 3 3 8 8 8 11 11 11 11 11 14 14 14 14 12 12 12 12 12 12 12 12 12 12 14 14 14
10 10 10 10 0 0 1 1 7 7 7 7 7 9 9 9 9 9 9 9 9 4 4 4 4 13 13 13 13 3 3 3 3 3 3 8 8 8 8 3 3 11 11 11 14 14 12 12 12 12 12 5 5 12 12 12 14
3 3 3 3 3 3 3 3 3 3 3 0 0 0 0 1 1 1 1 1 7 7 7 7 7 7 7 7 9 9 9 9 9 9 9 9 9 9 9 9 9 9 4 4 4 4 4 4 2 2 2 13 13 13 13 13 13 3 3 3 3 3 10 10 10 10 0 0 0 0 0 10 3 3 3 3 3 11 11 14 14 14 14 14 14 14 12 12 12 12 12 12 12 12 14 14 14 14 14 14
3 3 3 3 0 0 0 0 1 1 1 1 7 7 7 7 7 7 9 9 9 9 6 6 9 9 9 9 4 4 4 4 4 2 2 2 2 13 13 13 13 11 11 3 8 8 8 8 8 10 8 8 8 8 8 11 11 14 14 14 14 12 12 12 12 12 12 12 12 12 12 12 14
8 10 10 0 0 1 1 1 7 7 7 7 7 7 9 9 6 9 9 9 9 9 4 4 4 4 4 13 13 13 13 3 3 3 3 3 3 3 10 8 8 8 11 11 11 14 14 14 12 12 12 12 5 5 5 12 12 12 14
6 6 6 3 3 3 3 3 0 0 1 7 7 7 7 7 7 9 9 9 9 4 4 4 4 13 13 13 3 3 3 3 3 3 10 10 10 10 10 10 10 3 3 11 11 14 14 14 12 12 12 5 5 5 5 12 12 12 14 14
3 3 3 3 3 0 0 0 1 1 1 7 7 7 7 7 7 7 7 7 9 9 9 9 9 9 4 4 4 4 13 13 3 3 3 3 3 3 3 3 8 3 8 11 11 11 14 14 14 14 12 12 12 12 12 12 12 12 12 12 14
3 3 8 8 10 0 0 0 1 1 1 7 7 7 7 7 7 9 9 9 9 9 9 9 9 9 4 4 4 4 13 13 13 3 3 3 8 8 8 8 8 8 11 11 11 14 14 12 12 12 12 5 5 5 5 5 12 12 12 12
3 3 8 8 8 10 0 0 1 1 7 7 7 7 7 7 7 7 7 9 9 9 9 4 4 4 4 13 13 13 3 3 3 3 8 8 8 8 8 8 8 8 8 11 11 14 14 14 12 12 12 5 5 5 5 5 5 5 12 12 12
3 3 3 3 3 0 0 1 1 1 1 7 7 7 7 7 9 9 9 9 9 9 9 9 4 4 4 4 6 6 3 3 3 3 3 3 8 8 8 11 11 11 14 14 14 12 12 12 12 5 5 12 12 12 14 14
3 3 3 8 10 0 0 1 1 1 7 7 7 7 7 9 9 6 6 9 9 9 4 4 4 4 4 13 13 13 3 3 3 8 8 8 8 11 11 11 14 14 14 12 12 12 5 5 5 5 12 12 14
3 3 3 3 3 0 0 1 1 7 7 7 7 7 7 7 9 9 9 9 9 4 4 4 4 13 13 13 3 3 3 3 3 8 8 8 8 11 11 11 14 14 14 12 12 12 12 5 5 5 5 12 12 12
3 3 3 3 0 0 1 1 1 7 7 7 7 7 7 7 9 9 9 9 9 9 4 4 4 4 13 13 13 13 3 3 3 3 3 3 3 10 10 10 3 3 3 11 11 11 14 14 14 14 12 12 12 12 5 5 5 12 12 14 14
8 8 3 3 3 0 0 0 1 1 1 1 7 7 7 7 7 7 9 9 9 6 6 6 6 9 9 9 4 4 4 4 4 4 4 4 13 13 13 13 13 13 11 3 3 3 3 3 0 0 0 10 0 0 3 3 3 3 11 11 14 14 14 14 14 14 14 12 12 12 12 12 12 12 12 14 14
3 3 3 10 0 0 0 1 1 1 7 7 7 7 7 7 9 9 9 9 9 9 9 9 9 4 4 4 13 13 13 3 3 3 3 3 3 3 8 8 8 8 8 11 11 11 14 14 14 14 14 12 12 12 12 5 5 5 5 12 12 12
3 3 3 0 0 1 1 7 7 7 7 9 9 9 9 4 4 4 13 3 3 3 10 8 8 11 11 14 14 12 12 12 5 5 12 12 14
3 3 3 3 10 0 0 1 1 7 7 9 9 9 9 9 9 4 4 4 4 13 13 3 3 10 10 10 8 8 11 14 14 14 12 12 5 5 5 5 12 12
0 0 0 0 1 1 1 1 7 7 7 7 7 7 7 9 9 9 9 6 6 6 6 6 6 6 9 9 4 4 4 4 4 13 13 13 13 13 13 3 3 3 3 3 0 0 0 0 0 0 0 0 0 0 0 0 3 3 11 11 11 14 14 14 14 14 14 14 14 14 14 14 12 12 12 12 12 12 12 12 14 14 14 14 14
3 3 3 10 10 10 10 10 0 0 0 1 1 1 1 7 7 7 7 7 7 7 7 7 9 9 9 9 9 9 9 9 9 4 6 13 13 13 13 13 3 3 3 3 3 3 3 3 3 10 10 10 10 10 10 10 10 10 3 3 3 3 11 11 11 11 11 11 11 11 14 14 14 14 14 12 13 13 13 13 2 2 2 2 2 2 2 2 2 2 2 5 5 5 5 12 12 12 12 12 14 14 14 14 14 11 11
8 8 8 10 10 0 0 1 1 7 7 7 7 9 9 6 6 6 6 6 6 9 9 9 9 9 4 4 13 13 3 3 3 8 8 8 10 10 8 8 8 11 11 14 14 12 12 12 12 5 5 5 5 5 12 12 12 12 12
3 3 3 3 3 3 3 0 0 0 0 1 1 1 1 1 7 7 7 7 7 7 7 7 7 7 7 7 9 6 6 6 6 6 6 9 9 9 9 9 9 4 4 4 4 4 13 13 13 13 13 13 13 3 3 3 3 3 3 3 3 3 3 3 3 3 11 11 11 11 14 14 14 14 14 12 12 12 12 12 12 12 12 12 12 12 12 12 14 14 14 14 14
11 11 3 3 3 0 0 1 1 1 7 7 7 7 7 9 9 6 6 6 6 6 6 9 9 9 9 9 4 4 4 13 13 13 13 11 11 11 11 8 8 8 10 10 10 10 10 10 10 8 8 11 11 14 14 14 12 12 12 12 5 5 5 5 2 2 5 5 12 12
3 3 3 3 3 3 0 0 0 0 0 1 1 1 1 7 7 7 7 7 7 7 7 7 9 6 6 6 6 6 6 9 9 9 9 9 9 4 4 4 4 4 4 13 13 13 13 3 3 3 3 3 3 8 8 8 8 3 11 11 11 14 14 14 14 14 14 14 14 12 12 12 5 5 5 5 5 5 12 12 12 14 14 14
3 3 3 3 10 0 0 0 0 1 1 1 1 1 1 7 7 7 7 7 7 7 9 9 6 6 6 6 6 6 6 9 9 9 9 9 9 4 4 4 4 4 4 13 13 13 13 11 3 3 3 3 8 8 8 8 8 8 8 3 11 11 11 14 14 14 14 14 14 14 14 12 12 5 5 5 5 5 5 12 12 12 12 14 14
3 10 1 7 7 9 9 9 4 4 13 3 3 8 8 8 11 11 12 12 5 5 5 12
3 3 3 0 0 0 0 1 1 1 1 1 7 7 7 7 7 7 9 9 6 6 6 6 6 6 6 6 9 9 9 4 4 4 4 4 4 13 13 13 13 13 3 3 8 8 10 10 10 10 10 8 8 11 11 11 14 14 14 14 14 14 14 14 12 12 5 5 5 5 5 5 12 12 14 14 14
3 3 3 3 10 10 0 0 1 1 7 7 7 7 7 9 9 6 6 6 6 6 6 9 9 9 9 9 4 4 4 4 13 13 11 3 8 8 8 10 10 10 8 8 11 11 14 14 14 14 14 12 12 12 5 5 5 5 5 12 12 12 14 14
3 10 10 0 0 1 1 7 7 7 7 9 6 6 6 9 9 9 9 9 4 4 4 13 3 3 3 8 10 10 10 10 8 11 11 14 14 14 14 14 12 5 5 5 5 5 12 12 12 14 14
3 3 3 3 0 0 0 0 1 1 1 1 1 7 7 7 7 7 7 7 9 6 6 6 6 6 6 6 6 6 9 9 9 9 9 4 4 4 4 4 4 4 13 13 13 11 3 3 8 8 8 8 8 10 10 10 8 8 11 11 11 14 14 14 14 14 14 14 14 12 12 12 5 5 5 5 5 12 12 12 14 14 14
3 3 3 10 0 0 0 0 1 1 1 1 1 7 7 7 7 7 9 9 6 6 6 6 6 6 6 6 9 9 9 9 4 4 4 4 4 13 13 13 3 11 3 8 8 8 8 8 8 8 8 11 11 14 14 14 14 14 14 14 12 5 5 5 5 5 5 12 12 12 14 14 14
3 3 3 10 0 0 0 1 1 1 1 7 7 7 7 7 7 9 9 6 6 6 6 6 6 6 9 9 9 9 9 4 4 4 4 4 4 4 13 13 3 3 3 3 8 10 10 10 10 10 8 8 8 11 11 11 14 14 14 14 14 14 14 14 12 5 5 5 5 5 5 5 12 12 14 14 14
3 0 0 0 0 0 1 1 1 1 7 7 7 7 7 7 7 9 6 6 6 6 6 6 6 6 9 9 9 9 9 4 4 4 4 13 13 13 3 3 3 3 8 8 8 10 8 8 8 8 11 11 11 14 14 14 14 14 14 14 14 12 12 5 5 5 5 5 12 12 12 14 14
3 3 3 3 3 0 0 0 0 1 1 1 1 7 7 7 7 7 7 7 9 9 6 6 6 6 6 6 6 6 6 9 9 9 9 9 4 4 4 4 4 4 13 13 13 3 3 3 8 8 8 8 10 10 10 10 10 8 8 11 11 14 14 14 14 14 14 14 14 14 12 12 5 5 5 5 5 5 12 12 12 14
3 3 3 3 3 3 3 10 10 10 0 0 0 0 1 1 1 1 1 1 7 7 7 7 7 7 9 9 9 9 6 6 6 6 6 6 6 9 9 9 9 9 9 4 4 4 4 4 4 4 4 13 13 13 11 11 3 3 3 8 8 8 8 8 8 8 8 8 11 11 11 14 14 14 14 14 14 14 12 12 5 5 5 5 5 5 5 5 12 12 12 12 14 14 14
3 10 10 10 10 0 0 0 0 0 1 1 1 1 1 1 1 1 7 7 7 7 7 7 7 7 7 7 6 6 6 6 6 6 9 9 9 9 9 9 9 9 9 4 4 4 4 4 4 4 13 13 13 13 13 13 13 11 11 11 11 11 11 11 11 11 11 11 11 8 8 8 8 8 8 8 8 8 8 8 8 8 10 10 10 10 10 10 10 10 10 10 8 8 8 8 11 11 11 11 11 11 11 14 14 14 14 14 12 12 12 12 12 12 5 5 5 2 2 2 2 2 2 2 2 2 2 2 2 2 2 2 13 13 5 5 12 12 12 12 12 12 12
3 0 7 7 9 6 6 4 4 13 3 10 10 10 11 14 12 5 13 12 14 14
11 3 3 3 3 3 3 3 3 10 0 0 0 0 0 1 1 1 1 7 7 7 7 7 7 7 7 7 9 9 9 9 9 9 9 9 6 6 9 9 9 9 4 4 4 4 4 4 4 4 4 4 2 2 13 13 13 13 13 13 13 11 11 11 11 11 11 3 3 8 8 8 10 10 10 10 10 10 10 10 10 10 8 3 3 11 11 11 14 14 14 14 14 14 14 14 14 12 12 12 12 5 5 5 5 5 5 5 5 12 12 12 12 12 12
