3.9914,7.5319,1
9.6009,-1.7152,1
-10.303,-5.6208,1
0.94598,-10.474,1
1.7981,-10.375,1
0.97557,8.1743,1
-12.415,-0.70787,1
-5.6566,-9.5893,1
-4.4358,-10.265,1
-2.1676,7.4125,1
-7.0339,11.699,1
3.7899,14.411,1
3.8198,-9.6611,1
7.0925,-7.1346,1
1.4154,14.336,1
13.894,7.471,1
6.9588,-7.7725,1
11.467,10.504,1
-10.39,-5.9641,1
8.8291,-4.5278,1
12.099,9.576,1
3.7866,14.128,1
-9.0399,-7.2875,1
-2.6389,-10.656,1
9.5749,-0.067296,1
-12.119,0.72584,1
6.4677,13.368,1
2.1937,-3.3864,1
-7.1483,11.75,1
4.7447,-9.4813,1
-8.7721,10.062,1
-1.3078,-4.2696,1
7.506,5.4694,1
16.105,0.71854,1
9.6674,-1.4977,1
-11.066,6.4898,1
-2.639,6.9638,1
14.238,6.9617,1
1.8576,-10.62,1
4.709,7.249,1
-12.01,4.2371,1
-11.822,-1.4571,1
7.63,5.0569,1
-11.773,-2.4268,1
-3.5259,-3.8376,1
2.3463,14.322,1
-4.2968,-3.4037,1
13.706,7.8698,1
13.824,6.7507,1
4.7773,-9.1403,1
7.5123,12.764,1
15.787,2.3471,1
-6.0779,-0.45398,1
-2.2821,13.788,1
-7.0991,-8.875,1
-7.3199,-8.6527,1
4.6344,13.844,1
14.921,5.1212,1
-0.7624,-4.6208,1
-8.6261,-7.1668,1
7.2982,-6.8615,1
1.8995,8.0568,1
9.7009,-2.8558,1
0.19611,14.298,1
13.684,6.937,1
-2.8429,6.6842,1
-12.315,-0.8032,1
-12.42,3.2043,1
14.083,7.2078,1
8.6916,3.7859,1
-2.5939,-4.0041,1
3.3183,-2.1134,1
1.8607,-10.585,1
6.0306,13.473,1
-1.9857,-4.2535,1
-5.6041,-0.88704,1
-6.0128,0.93736,1
1.9724,-10.419,1
-6.0145,0.9496,1
-5.7603,3.073,1
3.4003,-10.068,1
-1.4629,-4.4154,1
0.78472,14.601,1
2.4649,14.259,1
9.6003,11.596,1
2.4227,-10.243,1
14.071,6.8031,1
2.8723,-10.264,1
-3.601,-3.5939,1
-9.5031,-6.4757,1
5.6443,6.9375,1
-3.275,13.426,1
-0.9815,14.113,1
12.458,9.5351,1
2.4264,14.401,1
-5.9552,1.9084,1
-6.7052,11.951,1
3.1566,7.6428,1
6.0657,13.392,1
9.4895,1.363,1
-8.1841,-8.1876,1
-1.2046,7.9888,1
7.6629,-6.609,1
8.2625,12.329,1
-5.8389,3.0178,1
2.4657,-10.278,1
10.733,10.854,1
-12.106,0.63278,1
-12.306,3.4119,1
-1.4685,14.367,1
15.736,0.62172,1
-6.4941,-8.9015,1
-5.5623,3.4493,1
6.725,-7.7774,1
3.4543,-1.81,1
-12.595,1.7013,1
9.7891,-0.52314,1
3.4379,0.62937,1
-4.9332,12.9,1
-5.7422,-9.7507,1
12.71,8.8534,1
-6.2183,0.95026,1
-5.5461,3.7506,1
-7.5757,-8.6118,1
-9.01,10.113,1
-5.9384,1.6315,1
6.2857,6.2158,1
1.4146,7.9608,1
9.6087,-0.19923,1
-11.507,5.4139,1
-12.004,4.6392,1
9.938,-0.79254,1
9.5081,0.57567,1
0.78175,-4.4923,1
9.6761,-0.78196,1
-6.1026,2.7536,1
-11.999,-2.5876,1
1.8916,-4.0938,1
-11.297,6.032,1
-4.1268,13.315,1
-7.0347,-8.829,1
-3.1292,-3.6213,1
6.6125,13.673,1
7.887,-6.8094,1
4.0277,7.8795,1
-9.1871,9.6533,1
-12.478,0.0044116,1
15.739,2.555,1
-9.1714,-6.7013,1
2.3821,14.383,1
-2.0841,7.1638,1
-6.9346,12.086,1
1.8318,8.3674,1
-11.975,-2.0834,1
-7.691,-8.0692,1
-3.5501,13.465,1
-11.454,5.5011,1
9.9394,11.533,1
-2.2882,-10.839,1
-1.8087,7.6257,1
0.48872,-10.542,1
8.7919,-5.135,1
6.8875,5.6274,1
-6.4356,-9.1442,1
14.346,6.1372,1
-8.6977,-7.5543,1
-1.8605,-4.3368,1
8.0603,12.614,1
-12.168,0.99053,1
-11.259,-3.349,1
9.4708,-1.3402,1
0.86838,-10.608,1
13.12,8.538,1
6.2384,13.701,1
2.9569,0.84648,1
2.7395,-10.071,1
1.6576,14.614,1
-7.0967,-8.6228,1
9.1435,1.7913,1
-11.522,6.023,1
1.4661,14.299,1
-6.1426,-9.5339,1
4.3237,13.94,1
-1.6004,13.929,1
9.1986,2.8002,1
-0.53122,8.0502,1
-8.8654,-7.4363,1
10.003,11.509,1
-1.0832,14.225,1
4.9456,7.184,1
7.1749,13.309,1
7.1951,13.124,1
-5.3982,4.3745,1
-9.3366,9.6697,1
-4.9488,4.9552,1
1.0927,-10.755,1
9.4756,-2.1306,1
1.8084,14.308,1
15.419,3.1908,1
8.3624,-5.7817,1
3.1563,-2.6273,1
-11.181,-3.6786,1
9.6198,-0.84257,1
8.2975,4.071,1
-11.989,5.1121,1
4.6256,7.4516,1
-2.851,7.0249,1
9.6433,0.66645,1
0.88653,-10.83,1
-5.986,12.186,1
-9.9323,8.5684,1
8.2079,4.192,1
-9.1847,-6.7626,1
-5.8953,1.9535,1
8.2645,4.3722,1
-12.349,2.731,1
4.657,13.936,1
2.4045,-10.42,1
-4.9919,13.191,1
-6.7862,11.85,1
-4.4557,5.8867,1
-1.4279,14.299,1
3.5811,-1.3961,1
8.5649,12.32,1
7.8754,12.969,1
-1.3053,7.8658,1
-7.2867,-8.7731,1
5.2676,7.3174,1
-5.7617,3.0893,1
0.97689,8.2379,1
2.3598,8.2577,1
-3.5059,13.745,1
3.4003,7.8564,1
-5.0632,-10.005,1
-4.3433,5.6727,1
6.0583,6.748,1
3.0352,-2.4577,1
7.297,-7.426,1
-12.169,2.6751,1
9.719,0.9271,1
-0.78145,14.209,1
13.432,7.6924,1
-5.5173,4.1859,1
-0.61968,-4.437,1
4.2302,13.891,1
1.4734,8.1678,1
-4.2856,13.193,1
8.5747,3.3884,1
-1.279,14.266,1
5.5037,-8.6307,1
9.5835,11.605,1
-3.2511,-4.1362,1
15.962,1.5574,1
-8.0153,10.871,1
6.0864,-8.2771,1
-11.925,4.7728,1
-5.9405,1.5867,1
2.939,1.4571,1
14.664,5.379,1
-9.6639,-6.634,1
8.0754,-5.7426,1
-3.9756,6.0739,1
-4.6394,13.065,1
-11.789,4.3932,1
-5.2253,4.5129,1
-12.114,0.99342,1
15.521,3.1002,1
13.678,7.6494,1
13.956,6.9335,1
-12.293,3.8691,1
-4.6587,12.907,1
-1.118,14.104,1
-5.4698,3.7159,1
13.307,8.1887,1
-5.1801,-10.056,1
15.777,1.5509,1
-3.8575,-3.4447,1
10.039,11.497,1
2.203,7.9857,1
9.6983,-1.6166,1
8.8607,-4.569,1
-11.526,-3.5837,1
4.2417,-9.5946,1
-9.7326,8.5442,1
13.229,7.7335,1
1.4295,8.3101,1
-10.823,-4.9198,1
-4.3351,-2.8219,1
13.081,7.958,1
-9.3015,-7.0757,1
6.3483,6.3107,1
5.6512,13.678,1
-6.819,-8.7874,1
15.992,1.1927,1
11.304,10.615,1
-7.2413,11.898,1
-8.2605,10.748,1
-1.9189,-10.733,1
-9.5414,9.1023,1
2.8365,14.194,1
-4.2535,-10.423,1
-4.1567,-9.9531,1
4.8956,-9.0102,1
-6.1549,1.1138,1
7.8719,4.5329,1
-1.2315,7.7577,1
15.037,4.6483,1
-0.51954,7.9653,1
-5.7226,-0.8451,1
-4.3644,-2.8582,1
-6.252,2.1437,1
8.3035,3.6265,1
14.562,5.8488,1
7.77,4.6705,1
-12.312,-0.016813,1
-11.279,-3.6874,1
0.5102,-10.687,1
-1.5587,-10.535,1
-6.2862,0.97563,1
-1.6892,-4.3864,1
-6.0439,1.8912,1
-11.867,5.0294,1
-11.069,6.5369,1
-3.0541,-4.0833,1
-5.9228,1.4792,1
-6.2793,1.574,1
-5.2096,4.2347,1
8.6831,12.283,1
-2.7112,-3.9085,1
-8.7257,-7.4286,1
6.6966,-7.6809,1
-12.088,3.7281,1
8.144,-5.5623,1
2.8122,7.9319,1
0.91161,14.291,1
-5.2946,-1.7809,1
-3.0108,-4.113,1
-7.0019,11.644,1
6.7256,-8.1283,1
-11.495,6.0169,1
1.1899,-10.818,1
0.77328,8.3747,1
9.3537,11.819,1
4.7183,-9.1078,1
-10.693,-4.8945,1
-0.23582,14.142,1
6.9187,6.1448,1
9.4915,11.922,1
13.35,7.9572,1
2.379,8.2193,1
9.0206,-4.6462,1
8.4749,3.6463,1
7.1109,13.194,1
-2.7124,13.673,1
-11.845,3.8698,1
8.3062,-5.7862,1
-5.6535,-1.5802,1
10.498,11.008,1
-6.1468,-0.054336,1
-12.317,-0.301,1
-1.8034,14.05,1
-1.4523,-4.6044,1
0.65308,-10.666,1
7.5433,12.932,1
-5.4041,12.859,1
-6.0316,2.7823,1
-11.204,-3.9405,1
-3.4609,-4.0717,1
9.0171,12.111,1
13.216,8.3638,1
9.3786,-2.1332,1
11.197,10.394,1
7.2927,-7.4498,1
-2.162,-4.1729,1
10.264,11.243,1
8.0502,-6.4449,1
-12.05,4.8617,1
3.9837,-10.024,1
7.0139,-7.548,1
-9.2271,-7.2367,1
-11.566,-3.5185,1
-12.378,2.2479,1
15.02,5.0569,1
9.8395,11.939,1
4.2063,-9.4793,1
9.3722,-3.7122,1
8.0297,4.6902,1
-1.4646,7.4825,1
-0.1047,-10.609,1
5.0641,7.2473,1
-11.461,-2.8873,1
4.8795,14.046,1
8.5209,4.0525,1
15.071,3.8583,1
-9.2356,10.073,1
0.61874,14.229,1
-10.983,-4.7201,1
-12.248,3.6869,1
-5.9841,2.4839,1
-12.163,0.074579,1
-8.1812,10.997,1
-12.455,0.66107,1
-5.8529,3.4917,1
3.5257,-9.7457,1
9.8233,-0.68045,1
-2.2975,-10.912,1
9.8413,-2.3295,1
-1.2327,-10.891,1
-5.2462,-1.735,1
15.787,1.0948,1
3.4754,-0.71689,1
2.0941,-10.526,1
0.28856,-4.4149,1
-4.9111,4.6462,1
3.0788,14.271,1
-10.623,7.7276,1
2.9495,-10.106,1
4.4641,7.4131,1
9.4971,1.4268,1
3.5761,-9.5709,1
9.867,11.548,1
2.4242,8.0944,1
9.0572,12.361,1
-5.064,-9.9888,1
-9.7734,-6.304,1
14.656,6.2321,1
-10.107,8.2371,1
10.944,10.75,1
5.066,-9.0331,1
-1.3897,-10.65,1
3.6671,13.951,1
15.298,4.0968,1
-0.37267,14.539,1
-3.7562,6.2973,1
-3.985,13.206,1
7.1912,13.108,1
-12.332,1.7796,1
2.7841,-2.5763,1
9.7381,-1.1108,1
-10.329,-5.3005,1
-11.541,-2.6888,1
-9.7193,9.2512,1
-11.999,-0.36429,1
-0.50661,7.7975,1
5.7213,6.7371,1
9.7661,0.35371,1
-12.049,-0.47537,1
5.2392,-9.1955,1
-5.9378,12.507,1
6.0887,-8.2575,1
-6.0202,-0.44821,1
8.0093,4.4563,1
-10.105,-5.8133,1
7.1338,-7.1637,1
14.572,5.6804,1
-12.106,2.354,1
-1.9294,14.309,1
-5.6416,12.755,1
7.3186,13.226,1
4.2705,-9.76,1
2.3361,8.2927,1
3.4353,-10.123,1
-2.4461,-4.4638,1
2.8402,8.2354,1
4.9343,13.891,1
-6.1933,0.90231,1
-0.67845,-4.3291,1
-1.7169,14.204,1
-5.3377,12.834,1
7.3858,5.0211,1
6.6889,6.0454,1
7.9838,12.73,1
-12.46,1.9021,1
-9.608,-6.6312,1
-6.2584,-9.2346,1
2.1108,-3.8394,1
14.536,6.2819,1
-11.245,-4.2083,1
8.8547,3.0559,1
9.5719,-3.4654,1
-12.047,-0.093196,1
9.146,-4.4201,1
7.191,-7.4828,1
14.56,5.3273,1
4.6317,-9.4342,1
-11.213,-3.7061,1
11.856,9.6139,1
8.1988,4.3748,1
3.1163,-2.7961,1
1.9395,14.507,1
11.087,10.372,1
-6.3427,-9.0814,1
15.092,5.1228,1
-8.1293,11.051,1
-12.016,-2.4062,1
9.2007,2.7707,1
0.16229,-10.899,1
-10.439,7.7169,1
-1.3519,-10.593,1
9.4241,1.9326,1
0.66423,8.1008,1
14.834,5.8068,1
8.5112,3.6653,1
4.1801,-9.4563,1
-11.933,4.1867,1
15.542,3.8862,1
-10.333,8.501,1
-9.0481,9.9447,1
6.3033,-8.3154,1
6.2269,13.577,1
-1.8414,-4.3079,1
-3.5666,6.2349,1
15.853,2.1467,1
9.407,1.0666,1
4.909,14.152,1
2.0301,14.247,1
-10.609,-4.6379,1
-9.6561,-6.5075,1
14.86,4.5555,1
8.4238,3.85,1
7.0472,5.6025,1
5.2585,7.1699,1
-11.191,6.306,1
-10.848,7.1958,1
8.8742,12.357,1
-12.319,3.5738,1
-12.108,3.6429,1
-12.247,-1.063,1
-0.63437,-10.716,1
13.488,8.014,1
2.684,-3.193,1
-3.9679,5.8327,1
-0.63156,-4.3925,1
-11.118,7.093,1
3.4066,-1.6156,1
-2.2207,13.963,1
-1.2778,8.0186,1
-8.981,9.8971,1
-6.1219,12.274,1
-12.174,-1.2521,1
5.4345,-9.0062,1
15.604,3.1138,1
3.772,14.228,1
-7.1843,-9.1625,1
0.20322,7.9637,1
-12.524,1.4298,1
8.1979,4.5885,1
-6.3536,-9.1463,1
-10.201,-5.677,1
4.6331,7.7218,1
3.8947,-9.7877,1
-8.9013,10.372,1
-4.6997,-9.8609,1
-9.706,9.4369,1
8.6892,-5.3002,1
-1.8464,7.4206,1
-0.94039,14.128,1
-12.434,1.7475,1
1.6143,8.0331,1
-5.7581,-0.63055,1
-9.0047,-7.4152,1
-7.5674,11.18,1
15.727,2.7018,1
-12.301,1.6139,1
2.405,8.2136,1
-0.86275,7.8494,1
9.7656,-0.29713,1
7.6812,12.891,1
-9.7652,-6.3095,1
-12.415,2.6924,1
5.4283,7.041,1
-11.429,-3.5692,1
7.0029,13.109,1
-4.9496,12.942,1
-1.1722,14.486,1
6.1796,6.5565,1
-2.0041,-4.6695,1
-12.34,1.7656,1
-5.0211,4.8187,1
5.5091,7.1263,1
-4.4511,5.6115,1
-1.5663,-10.777,1
-6.0925,1.2357,1
-8.0426,-8.0536,1
-8.7603,10.342,1
9.4797,-3.5196,1
9.4101,0.67052,1
9.7983,-2.5235,1
-2.0392,-10.837,1
15.241,3.3118,1
-1.7072,14.271,1
-10.272,-5.5528,1
-6.1267,1.1264,1
-4.2811,-9.9169,1
15.706,0.23949,1
9.6091,11.598,1
1.8255,8.3478,1
-10.338,-5.2059,1
9.1795,-4.5249,1
2.8873,1.1673,1
-11.24,6.5844,1
14.113,6.739,1
-7.5429,-8.4524,1
4.1082,7.9141,1
-3.3379,6.9562,1
-2.3238,7.1071,1
7.3479,-7.2012,1
-5.1363,4.4473,1
-12.325,2.5458,1
7.6741,-6.896,1
6.1299,6.7311,1
6.1599,6.3689,1
-0.38915,-4.3972,1
-11.166,-3.659,1
-7.6967,10.931,1
-2.8254,6.9876,1
1.6482,8.1317,1
13.525,7.4977,1
6.7464,-7.4617,1
-7.1553,11.43,1
8.3464,4.4074,1
12.678,8.7912,1
1.9722,-3.3818,1
-4.4772,5.5996,1
-12.293,0.52795,1
-1.6088,14.058,1
-11.648,5.4566,1
-9.9388,8.8105,1
1.7277,8.3979,1
1.5418,8.1189,1
-1.3892,14.017,1
-9.5327,-6.4604,1
7.3639,12.923,1
6.6239,13.271,1
6.1719,6.7036,1
7.909,4.5642,1
0.64228,8.0081,1
-3.2607,-3.8959,1
-3.2142,-10.271,1
-3.7681,6.3245,1
-7.6303,11.354,1
14.981,5.1527,1
-4.4239,5.4917,1
-5.0372,4.6665,1
-5.9348,-0.19839,1
2.2259,-3.7126,1
12.893,8.7071,1
2.3586,14.447,1
-6.7134,-8.8889,1
8.4263,12.467,1
-9.7203,8.9012,1
7.8423,-6.5059,1
8.9069,-5.0468,1
3.6505,14.444,1
-10.568,-4.8482,1
-8.0958,-7.9876,1
-12.283,-0.40326,1
-1.8274,7.2634,1
4.9681,7.0507,1
-10.649,-4.8019,1
14.803,5.2309,1
5.5091,-8.7932,1
-10.822,-4.9628,1
4.9012,-8.9924,1
8.9788,3.327,1
-6.5563,11.769,1
-3.6099,-3.7037,1
9.7669,11.952,1
-6.333,11.99,1
-10.45,7.6725,1
15.287,3.2694,1
6.0058,-8.1872,1
12.2,9.4347,1
2.5696,-10.381,1
2.6762,-3.18,1
2.9662,-3.0265,1
13.159,8.5241,1
5.4595,-8.8428,1
-12.23,1.7055,1
-0.18204,8.2473,1
2.3401,14.415,1
-0.70922,-10.683,1
-9.1688,-7.0787,1
1.0025,14.291,1
-2.159,-4.5373,1
2.3813,14.327,1
-10.436,7.942,1
-4.6352,-2.9267,1
-12.59,0.84066,1
15.874,1.1522,1
-5.9304,0.11983,1
2.3582,7.8798,1
14.592,6.093,1
8.8999,-5.1965,1
8.2262,-5.5121,1
-9.4181,9.6596,1
6.8329,5.8716,1
-3.367,-3.7447,1
3.009,-2.4669,1
-12.254,-1.5823,1
9.1508,-3.6576,1
-3.3607,13.757,1
1.7102,-3.7498,1
8.9973,-4.9134,1
-9.652,9.12,1
9.2027,2.9435,1
9.1814,12.063,1
-5.3326,-9.823,1
9.1493,-3.1893,1
-3.2923,13.913,1
-8.2526,10.443,1
4.9734,6.9868,1
4.3219,-9.41,1
15.51,3.1364,1
-2.649,13.979,1
3.1343,-9.8762,1
10.39,10.83,1
11.212,10.379,1
8.3312,12.295,1
-11.718,-1.7958,1
8.0867,4.3021,1
-10.49,-5.1364,1
-5.6443,3.865,1
-12.021,3.2586,1
-1.9317,7.6758,1
1.1651,14.558,1
-9.8913,8.9897,1
-4.3583,13.439,1
5.5958,-8.6269,1
-7.3912,-8.7034,1
13.173,8.5392,1
-10.914,6.5996,1
9.5334,1.4588,1
-11.999,-0.92353,1
8.8674,12.272,1
-6.1799,0.60339,1
-9.6588,8.8295,1
-2.8242,6.8236,1
0.10895,14.125,1
-2.5073,14.15,1
2.7503,8.0131,1
-3.6839,6.2731,1
-8.3411,-7.4601,1
3.3702,0.41307,1
-0.13185,8.1348,1
7.7505,4.9223,1
1.856,-10.279,1
9.2306,1.8301,1
15.511,3.6574,1
9.0583,3.4633,1
3.5324,-0.43964,1
8.5377,-4.9088,1
0.6228,-10.92,1
8.9597,3.2333,1
3.4744,-0.40814,1
-8.5608,-7.4497,1
-3.1808,-10.363,1
-0.16693,14.369,1
6.6797,-8.0235,1
2.5356,14.309,1
7.725,12.576,1
-11.84,-1.8209,1
-5.6259,4.0221,1
9.682,11.758,1
0.080135,-10.636,1
-2.4205,-10.524,1
15.993,0.46358,1
-6.3425,1.1846,1
-4.1926,13.171,1
-2.0632,-4.5446,1
13.911,6.7355,1
-8.8428,10.341,1
-5.8305,2.9679,1
0.26583,14.532,1
-2.1533,7.4331,1
4.3488,14.012,1
9.9542,11.43,1
13.844,6.8318,1
6.8957,-7.8199,1
-2.345,14.158,1
-5.4942,12.708,1
-0.31455,14.484,1
15.684,2.4146,1
2.9922,8.1178,1
3.3896,8.0269,1
-11.931,4.261,1
-3.8355,-10.169,1
2.6515,14.458,1
1.8515,7.897,1
-5.8711,3.1758,1
-8.4739,-7.2671,1
-2.9836,-10.532,1
-5.6853,4.1049,1
-11.954,4.6921,1
-4.6439,-9.7968,1
-6.0195,12.378,1
-1.2853,-4.3775,1
15.616,3.5342,1
4.2786,-9.5916,1
13.571,7.4084,1
-11.169,-3.9813,1
-5.43,4.0225,1
-3.6324,-10.226,1
-4.0067,-10.259,1
-4.9384,-2.2705,1
7.8816,4.6368,1
6.258,13.446,1
-9.5138,-6.1731,1
-2.9845,13.858,1
-4.0298,-3.4765,1
-10.647,8.0694,1
-4.2156,-3.0133,1
-11.996,4.4735,1
5.9942,-8.7276,1
8.9321,-5.0117,1
-10.89,6.6774,1
8.1633,4.0626,1
3.5489,-1.5915,1
-1.3911,-10.795,1
7.0139,-7.4429,1
12.916,8.4119,1
5.3682,-8.6809,1
15.69,0.91318,1
9.5381,1.1772,1
13.91,6.5487,1
-2.3884,-10.505,1
-1.2872,7.8383,1
13.271,7.6145,1
8.2945,-5.6407,1
-0.72158,7.9484,1
7.7906,-6.9363,1
10.289,11.344,1
-6.9842,-8.8588,1
11.423,10.444,1
-9.0983,9.6202,1
3.5159,14.235,1
-12.205,-0.71307,1
14.489,6.0973,1
-12.157,-0.93669,1
4.1277,7.5281,1
-12.33,3.0214,1
-11.329,6.6727,1
11.587,10.289,1
-2.9095,13.666,1
-5.9504,-9.4847,1
9.2626,2.2041,1
-0.17762,-4.7544,1
14.399,6.1806,1
-5.5465,-1.1295,1
2.874,-2.8829,1
0.55332,-10.809,1
-2.6704,14.038,1
-12.136,2.4366,1
9.529,-0.5521,1
7.9654,-5.9509,1
-0.40108,-10.713,1
-6.2423,1.7517,1
0.71873,-10.944,1
11.296,10.521,1
6.4389,6.4485,1
-0.65444,-10.573,1
-3.4119,6.3549,1
9.0552,2.7548,1
-3.0492,13.946,1
5.2738,13.659,1
-9.6198,-6.3391,1
14.611,5.2496,1
8.6622,12.686,1
-11.849,-1.9788,1
-7.0875,-8.8585,1
1.6761,8.3476,1
-6.0028,-9.3934,1
-4.8861,5.1723,1
8.3054,-5.5813,1
-9.6399,8.6618,1
-12.463,1.2791,1
-3.9073,-10.368,1
8.833,12.015,1
-1.1737,13.999,1
-1.7055,14.349,1
-3.8418,-10.4,1
-4.6616,5.344,1
3.7434,-9.852,1
-6.0752,-0.42905,1
-4.5549,-2.9558,1
-5.8822,-0.95051,1
3.2259,8.1126,1
-5.3979,-9.5835,1
14.259,5.8393,1
-3.2535,-3.9623,1
-4.4813,5.7484,1
-6.2682,1.2394,1
-8.0528,-7.8163,1
-11.399,-3.6188,1
14.231,6.3507,1
5.1225,-9.1837,1
0.93697,-4.1638,1
0.91353,14.227,1
1.077,14.456,1
8.7963,12.542,1
10.05,11.277,1
-1.4775,7.971,1
-6.0743,0.36937,1
-5.6123,3.8643,1
6.7729,6.0856,1
-5.936,2.3748,1
-1.7267,-4.359,1
3.6661,-9.8333,1
1.5667,-10.667,1
-12.422,-0.48621,1
11.265,10.71,1
9.5801,-0.77938,1
8.0845,4.3495,1
-5.8658,1.3002,1
4.487,7.3159,1
-6.1066,0.0049675,1
-12.038,-1.7065,1
-5.1995,-2.196,1
-4.4523,-10.438,1
-9.8503,-6.2026,1
1.551,-4.1947,1
-2.2916,13.892,1
9.1211,-4.2171,1
8.7022,3.9405,1
-6.0435,1.6067,1
9.1766,-3.7422,1
1.0276,8.2401,1
8.2591,-5.4493,1
4.0404,7.6408,1
10.476,11.143,1
11.401,10.505,1
4.327,-9.33,1
0.78417,-10.731,1
10.769,10.47,1
-4.6724,-2.7724,1
-9.251,9.7708,1
-4.652,-2.3656,1
9.7449,0.78601,1
-9.9151,8.6826,1
-5.7025,-0.12918,1
-12.114,3.7509,1
-4.6527,-10.263,1
-0.39716,14.193,1
9.4464,1.5497,1
-12.044,4.6799,1
-7.1161,-8.9257,1
8.431,4.1378,1
10.46,11.118,1
9.7779,-1.9909,1
2.7899,-10.053,1
12.005,9.4943,1
3.6123,14.019,1
-4.5064,5.5828,1
6.5412,13.304,1
-3.7012,-10.203,1
14.869,5.3923,1
1.6292,14.561,1
14.594,5.5244,1
-3.6137,-3.8604,1
-2.8191,-10.383,1
-0.026138,14.376,1
3.6036,14.219,1
7.4288,5.3407,1
5.4693,13.665,1
-12.135,1.4451,1
4.2672,-9.6494,1
-7.3768,11.703,1
-2.1828,7.2974,1
-4.2709,6.2335,1
-11.703,5.3952,1
-12.556,1.3129,1
8.2011,12.422,1
-12.194,0.94572,1
6.849,6.0808,1
7.8947,-6.255,1
-7.4593,11.147,1
-5.9307,-9.3704,1
9.0719,2.5417,1
2.5753,14.255,1
8.7187,12.391,1
3.2835,14.425,1
0.22786,14.371,1
2.856,14.195,1
-5.626,12.59,1
11.279,10.377,1
9.3426,1.1101,1
3.2596,14.135,1
-12.443,1.4299,1
6.0946,-8.6138,1
-0.33457,8.1873,1
9.0896,12.04,1
8.4528,12.431,1
-10.606,8.0624,1
11.001,11.005,1
11.254,10.442,1
15.736,0.90993,1
-6.8153,11.9,1
1.439,14.364,1
5.4097,13.831,1
-12.381,2.7554,1
-12.45,2.3107,1
-3.6495,13.449,1
0.25042,14.406,1
-2.8621,6.8509,1
-2.6181,-10.885,1
-8.2626,-8.0843,1
2.8804,8.054,1
-9.1065,-7.4344,1
14.52,6.2867,1
-0.78477,-10.95,1
6.9937,5.8973,1
7.0466,-7.5803,1
6.0481,-8.3253,1
-6.6017,-9.3911,1
2.982,1.0669,1
-10.08,8.7448,1
6.068,-8.2684,1
2.9599,7.777,1
-5.9594,2.9501,1
5.2361,13.881,1
-5.1248,-9.7278,1
-4.9306,-10.057,1
-1.5758,7.7371,1
6.0345,13.46,1
11.382,10.435,1
6.1298,13.788,1
-8.4174,-7.5875,1
-3.141,-10.39,1
-6.0509,1.5507,1
-0.047444,14.154,1
12.541,8.8766,1
-3.925,6.2005,1
-0.43265,-10.552,1
8.2846,-5.7106,1
14.721,5.5406,1
7.9129,4.9874,1
2.5134,8.0647,1
9.7701,11.656,1
-5.7078,-9.656,1
13.606,7.4771,1
14.7,5.4768,1
14.968,5.2695,1
6.8437,6.0047,1
12.22,9.3386,1
-5.5202,3.3924,1
7.0933,13.349,1
4.8447,-9.3698,1
6.9572,13.03,1
12.236,9.4855,1
-5.7982,3.1936,1
-1.051,-4.6034,1
8.1298,-5.8194,1
10.851,10.906,1
5.4796,-8.6732,1
-9.0907,9.6356,1
-2.5894,7.0294,1
14.65,5.9159,1
2.3564,14.469,1
-11.56,-3.1121,1
15.042,4.2488,1
9.7351,11.736,1
7.0742,13.21,1
11.325,10.637,1
-4.1966,-10.395,1
-11.747,5.8396,1
15.652,2.8454,1
8.508,-5.649,1
9.5701,1.6326,1
15.793,1.2884,1
-7.6631,11.329,1
-4.2397,5.8066,1
3.3327,7.9946,1
-8.6354,-7.5612,1
-5.9937,1.3564,1
-8.4335,-8.1822,1
15.332,2.9754,1
-11.919,3.683,1
-4.7978,13.357,1
-11.898,5.0393,1
-6.4963,-9.3258,1
-0.33942,-10.571,1
-11.841,4.9909,1
3.1185,-10.17,1
-5.9569,0.76843,1
2.1308,7.9213,1
-5.7804,-9.4234,1
-5.473,-1.4926,1
2.5296,7.9981,1
9.0406,2.4731,1
-2.1575,14.002,1
-3.1129,7.0304,1
3.5117,-0.59564,1
8.0233,4.4821,1
-12.357,-0.90391,1
-2.819,13.808,1
9.8352,11.985,1
7.3869,-7.4155,1
4.5267,-9.3449,1
-11.802,4.8583,1
0.36856,-10.624,1
-5.3774,-1.4385,1
3.5206,-9.9451,1
3.6946,-0.18695,1
9.0567,12.077,1
5.3987,-8.8262,1
11.257,10.111,1
15.089,5.1091,1
2.7606,8.2101,1
15.997,1.4389,1
5.6418,-8.6884,1
-6.1592,-9.0241,1
-3.8819,-3.4969,1
-12.047,3.4997,1
4.1875,13.852,1
-12.038,4.0056,1
11.61,10.004,1
10.496,10.944,1
-3.295,6.4383,1
3.6648,-0.47287,1
-1.1517,-10.935,1
-11.483,5.7883,1
-6.3358,12.151,1
7.4774,-7.1172,1
-2.8987,-10.64,1
11.305,10.401,1
-12.008,-1.611,1
0.56915,14.513,1
-8.293,-8.2948,1
-8.0101,-8.192,1
-3.4353,13.468,1
6.905,5.4993,1
9.881,-0.86494,1
10.724,10.504,1
-6.2368,1.2885,1
-4.4789,-2.672,1
-0.54374,7.9616,1
-0.74738,14.194,1
-10.946,-4.6844,1
2.5035,-10.564,1
15.492,2.5592,1
8.5638,-5.3446,1
6.9256,-7.3485,1
0.21062,8.183,1
5.6415,6.6926,1
-5.1838,-1.894,1
-3.116,-10.595,1
-4.9233,13.058,1
-2.0811,13.816,1
-3.0333,13.903,1
6.8343,-7.2087,1
-8.5716,10.1,1
9.4032,1.4913,1
6.229,-8.2315,1
16.003,1.667,1
1.1223,-10.82,1
-1.3863,7.8275,1
-5.8776,12.72,1
4.4276,7.5722,1
-12.137,4.2013,1
10.293,11.028,1
-11.756,-2.025,1
8.1298,4.5443,1
9.4285,-3.7324,1
-5.8797,12.592,1
3.1381,8.1338,1
11.91,9.4599,1
7.3306,13.379,1
10.047,11.623,1
15.142,4.72,1
-5.2169,-9.6002,1
-5.0841,-10.035,1
2.0843,14.37,1
-5.308,12.771,1
5.172,7.2975,1
-6.1108,1.4056,1
-10.14,8.3816,1
10.212,11.112,1
13.996,6.4768,1
4.6654,-9.4383,1
-11.627,-3.5525,1
-11.814,-2.2324,1
-2.394,-4.2502,1
9.0414,-3.7039,1
11.91,9.4878,1
-8.7626,-7.51,1
5.7532,6.85,1
-2.5957,7.1688,1
3.073,-2.669,1
7.507,13.003,1
-8.0512,10.572,1
9.2584,1.7407,1
-6.2549,-9.5352,1
8.616,-4.8999,1
-7.8783,11.138,1
1.848,7.9691,1
15.709,1.5669,1
-7.9574,-8.0999,1
1.8555,-10.405,1
-6.0329,12.157,1
9.3942,1.9819,1
-3.7816,6.2361,1
2.2233,-10.434,1
-3.2451,13.505,1
3.748,-9.9396,1
-5.4461,4.6259,1
13.047,8.5871,1
14.731,5.2303,1
4.5198,7.6587,1
8.425,3.5052,1
2.8881,7.886,1
8.8554,2.6218,1
3.8787,7.4577,1
-12.358,0.03969,1
-8.1408,10.979,1
15.309,4.2876,1
0.35276,8.3132,1
5.939,6.4732,1
-12.204,1.9116,1
1.8707,-10.23,1
1.2933,14.452,1
9.2963,2.1411,1
13.166,8.2168,1
8.6894,3.1537,1
2.8736,7.9143,1
7.6185,-6.6111,1
-2.8635,6.9529,1
8.4067,12.502,1
-12.492,2.5585,1
3.7511,14.327,1
8.9897,-3.9943,1
-9.6174,-6.6107,1
-5.0993,4.849,1
-10.02,-6.3243,1
-9.3902,9.5163,1
7.5341,13.099,1
0.85249,8.0693,1
-3.7277,-10.516,1
-4.8869,13.295,1
3.0618,-10.204,1
0.77884,8.2255,1
5.1449,-9.17,1
2.5051,8.1826,1
-8.12,10.686,1
-11.871,-1.3965,1
2.4483,-2.9026,1
-12.015,3.4235,1
-9.7678,8.7563,1
8.9468,-4.4978,1
3.8319,14.244,1
13.337,8.0941,1
2.6028,-6.8694,2
11.892,-6.2606,2
7.6753,9.3423,2
-5.8422,8.6405,2
6.4659,-0.7109,2
-7.2687,-12.602,2
-5.1494,-6.4026,2
2.478,-13.352,2
-4.4129,9.9268,2
3.1832,-6.8296,2
-4.1279,-6.7666,2
6.322,-2.0169,2
7.2061,9.3971,2
-5.8099,-12.954,2
12.323,-4.9879,2
-13.65,-5.4518,2
-13.304,-6.7211,2
-4.3267,-6.7807,2
-12.46,-7.8943,2
-9.168,3.5254,2
10.744,-7.8842,2
7.9744,9.0473,2
-8.9833,-11.106,2
11.952,-5.4205,2
1.8277,5.0787,2
-1.4898,10.748,2
10.039,-8.3295,2
-15.54,-0.26077,2
-4.5035,9.8525,2
6.5021,0.3138,2
11.37,5.5824,2
-0.87096,11.026,2
6.6852,0.1225,2
-14.26,-4.854,2
4.1417,-12.871,2
-14.035,-5.6407,2
-2.1171,10.867,2
5.971,-3.286,2
-3.7775,10.184,2
6.5756,9.7914,2
-0.17995,5.0975,2
10.771,6.2769,2
4.3192,-13.077,2
-1.2846,-7.7657,2
0.95623,-7.5448,2
1.3947,-13.533,2
-4.2979,-6.6104,2
-14.134,-5.7708,2
-9.2134,0.29407,2
-9.0704,-11.173,2
7.1412,9.3598,2
-0.28645,-7.4262,2
-14.786,-3.0885,2
-6.8312,-4.7627,2
-8.9379,-11.223,2
-11.548,-8.9152,2
3.4712,10.863,2
11.963,-4.7646,2
7.4154,-11.436,2
11.027,5.9648,2
-2.9205,-7.227,2
-0.87633,4.676,2
-0.59692,-7.4238,2
-8.9524,2.6291,2
-2.8146,-7.5874,2
-13.762,-5.5206,2
-6.9121,-12.693,2
4.1835,-12.782,2
12.227,3.2177,2
12.863,1.6016,2
12.072,-5.2611,2
-1.992,-13.867,2
5.1928,3.3247,2
-10.876,-9.9904,2
5.6594,-4.3257,2
-3.6586,-7.1452,2
-0.16737,-13.792,2
6.6759,-1.0713,2
8.8726,-10.002,2
2.2598,-7.1191,2
6.5248,10.064,2
12.646,-2.3638,2
5.8231,-3.656,2
-6.7184,-12.307,2
-8.55,-11.482,2
-7.1273,-12.522,2
2.6343,-13.353,2
-3.106,-7.0503,2
-0.65824,4.6158,2
3.7376,-13.219,2
-13.22,-6.659,2
-8.8811,-1.2675,2
1.8922,-13.575,2
-4.6418,9.7624,2
-13.403,-6.7742,2
12.673,-1.0608,2
8.3467,-10.559,2
-14.656,-4.2256,2
5.0393,10.822,2
12.435,-4.0408,2
0.19706,4.6776,2
12.209,-4.9552,2
-2.4822,10.623,2
-6.1771,-5.7019,2
-15.309,-0.81092,2
6.4234,-0.65012,2
6.1502,-3.5104,2
-7.009,-12.27,2
-8.6642,-1.9061,2
12.41,-4.6489,2
3.4096,10.856,2
12.702,-3.1923,2
9.3526,7.7137,2
-14.757,-3.8782,2
-4.0594,-13.54,2
-11.195,-9.7079,2
5.3879,2.7668,2
-6.4675,-5.3323,2
5.1744,10.385,2
-8.6103,-11.493,2
-2.2484,-0.93178,2
-15.156,-2.1167,2
9.1356,-9.6277,2
12.464,-3.627,2
12.092,-4.9191,2
1.8605,-13.674,2
5.0444,3.159,2
4.9766,-4.9784,2
-8.2644,5.4018,2
12.434,1.2827,2
-3.0526,1.3315,2
-2.4592,2.9148,2
11.906,3.8363,2
12.545,-3.8231,2
6.5091,-2.5604,2
6.6769,-0.33164,2
-4.3828,10.011,2
-1.2309,-7.6238,2
0.58685,11.276,2
4.1734,11.117,2
-6.7638,-4.9427,2
-1.5974,10.736,2
8.0408,8.8473,2
-15.58,0.40423,2
4.2303,-5.7633,2
5.6676,-3.7895,2
-14.439,-4.0304,2
3.1182,11.171,2
3.5783,-6.565,2
1.3754,5.0477,2
9.6667,7.6611,2
-6.6935,-5.0847,2
7.3055,-11.105,2
-8.5817,4.6117,2
-5.3375,-6.1378,2
11.302,4.9794,2
-5.6959,-12.994,2
12.218,2.4655,2
-8.159,5.7876,2
-8.9897,-0.24821,2
2.9619,-13.307,2
-6.0053,-12.973,2
-0.757,11.011,2
-10.062,-10.527,2
3.9423,11.161,2
5.8402,-3.2052,2
-7.4287,-4.4635,2
-15.206,-2.3908,2
-9.6223,-10.959,2
-14.253,-4.5215,2
-14.979,-3.3122,2
-5.82,-12.929,2
-13.731,-5.9803,2
-4.0815,10.148,2
0.32269,-13.784,2
1.2217,5.3014,2
-5.2191,9.1143,2
-9.1914,1.3631,2
-2.7364,3.1428,2
5.5789,-4.0934,2
-6.1603,8.3923,2
-4.2948,-13.194,2
0.42993,-7.4835,2
2.7977,-13.487,2
-2.1907,3.1101,2
-8.2366,-2.4978,2
10.976,-7.145,2
1.0601,11.248,2
11.933,3.6899,2
-9.1267,3.3817,2
-1.7258,-13.933,2
-3.0413,10.428,2
-15.33,-0.26638,2
9.8488,-9.0287,2
12.603,0.073596,2
12.6,0.055597,2
-7.3434,-12.315,2
8.4261,-10.311,2
0.6017,-7.6021,2
5.8365,-3.9323,2
-12.882,-7.6796,2
12.741,-3.9258,2
-6.3149,8.0334,2
11.082,-7.2142,2
-5.4185,-13.24,2
-7.0079,-4.6695,2
-2.5838,-13.642,2
-8.816,-0.78499,2
-9.1466,0.69334,2
-7.3029,7.0269,2
12.979,-0.88477,2
1.2925,11.509,2
-3.2449,-13.51,2
-8.1402,5.4931,2
-13.209,-7.0159,2
2.8976,4.7271,2
-8.7386,4.7282,2
-2.0684,-7.4739,2
6.0266,10.117,2
-0.6672,-13.689,2
-2.3122,3.2434,2
8.8558,-10.142,2
-3.0571,10.429,2
-5.2299,9.0453,2
-14.538,-3.4831,2
-3.5693,-13.667,2
-1.0298,11.138,2
-9.0266,2.0897,2
10.649,-7.957,2
3.5506,-13.463,2
12.178,-4.8786,2
-13.115,-7.0326,2
7.8355,-10.545,2
2.0744,11.462,2
-2.3669,10.764,2
-7.8058,6.6414,2
12.112,-5.5204,2
-3.4668,-13.904,2
10.897,-7.8345,2
-8.6297,-1.7336,2
3.1257,-6.3183,2
11.939,3.5083,2
-15.405,-1.6381,2
-8.3264,-2.3846,2
5.6332,-12.083,2
-13.391,-6.1965,2
9.2611,-9.4771,2
11.94,-5.0431,2
8.3158,8.8609,2
12.486,-2.9469,2
1.4194,11.219,2
-6.2,-12.867,2
2.102,11.476,2
12.893,0.27792,2
2.407,11.389,2
-8.1613,-11.769,2
-14.956,-3.1624,2
12.53,-3.3233,2
-7.1314,-4.7292,2
6.6135,0.72427,2
5.3538,3.2667,2
-15.533,-0.54671,2
-14.766,-4.0764,2
-12.639,-7.6364,2
5.8071,2.3945,2
3.2954,-6.2952,2
6.3127,-2.2832,2
11.563,-6.7783,2
6.8408,9.9441,2
2.3483,11.302,2
-2.9318,-13.591,2
-6.5931,-12.811,2
-3.564,-13.794,2
-9.1091,-1.1457,2
4.3855,-12.872,2
11.593,4.9531,2
4.2906,10.856,2
12.111,3.0644,2
-6.2134,-12.624,2
-5.9372,-5.8614,2
12.943,0.21264,2
-15.437,0.28258,2
12.93,0.16785,2
2.8166,11.435,2
2.7266,-6.8388,2
-4.9095,-6.3777,2
4.2782,-5.7355,2
2.6889,-13.75,2
-8.5851,4.2965,2
-0.90229,-13.988,2
-2.2177,-7.4438,2
4.4616,-12.994,2
-2.3004,-13.802,2
-7.6363,-4.3135,2
6.3578,10.256,2
-7.8258,-3.8976,2
1.8732,-7.0784,2
12.31,-4.3687,2
-2.1275,-7.3669,2
-8.0931,-3.1417,2
12.536,1.2603,2
-0.076099,-7.376,2
5.3924,-12.554,2
6.4451,-2.3603,2
5.1056,-12.396,2
-6.5106,-5.1808,2
-2.7997,-7.5774,2
-9.1549,2.6409,2
-6.7001,-12.542,2
9.5939,7.5569,2
3.8014,-6.2833,2
-4.5667,-13.307,2
-2.3525,10.64,2
-8.4863,-2.1059,2
11.7,-5.507,2
-1.6235,4.2401,2
-9.8561,-10.859,2
-6.5602,-12.768,2
8.3636,8.904,2
-1.4018,-13.736,2
-6.1547,8.7037,2
6.3754,1.4125,2
10.927,6.2372,2
-1.4496,-13.952,2
6.796,-11.624,2
0.85354,-13.84,2
-15.352,0.28537,2
-8.5573,4.3431,2
-0.31318,5.013,2
4.5707,-5.2948,2
4.2909,-13.132,2
-6.1692,8.4767,2
1.4975,-7.1062,2
10.305,-8.0601,2
-2.9503,0.36939,2
13.003,-1.2425,2
-2.8438,10.772,2
3.5741,-13.005,2
12.661,-2.0193,2
13.041,-2.162,2
-8.9316,3.2196,2
5.4602,2.7981,2
11.055,5.0869,2
-2.8349,-7.2715,2
5.0115,10.483,2
6.3023,-2.467,2
-7.5132,-3.822,2
1.5766,-13.636,2
9.609,7.4898,2
-8.9486,-1.3478,2
1.5331,11.283,2
-9.6981,-10.774,2
12.156,3.3475,2
-1.8166,-7.5763,2
11.31,-7.0897,2
1.6493,-7.4651,2
12.674,-1.6513,2
0.54363,-7.5217,2
9.7284,-9.1825,2
-7.4196,-12.227,2
-5.9028,8.6884,2
0.83128,11.244,2
-5.4685,8.7061,2
12.143,3.2066,2
12.651,-1.4962,2
-4.0289,-13.668,2
-13.064,-7.1495,2
-9.7746,-10.471,2
-7.6808,6.1641,2
4.0487,-5.7677,2
9.7602,7.9006,2
1.311,-14.03,2
-9.4146,0.35663,2
-7.2815,7.0097,2
3.2917,-13.46,2
3.3908,10.814,2
8.1217,-10.555,2
-11.465,-8.986,2
-1.9542,10.738,2
0.50149,11.387,2
12.249,3.6804,2
0.66151,-7.6078,2
-10.685,-10.074,2
-9.0098,2.4446,2
-1.9561,-7.438,2
1.2216,5.078,2
-2.5706,10.441,2
6.2953,1.721,2
5.5937,2.7672,2
5.6269,-4.0346,2
2.4723,4.8051,2
4.1602,-5.7766,2
-8.8692,-0.50838,2
8.3722,-10.575,2
10.609,-7.5284,2
-1.508,-14.038,2
12.556,1.557,2
12.664,0.46075,2
-7.1095,6.9763,2
3.5646,10.819,2
-14.849,-3.4632,2
-3.0549,-13.953,2
5.9077,2.1997,2
-8.8711,-1.819,2
2.6462,11.084,2
10.615,-8.2091,2
-1.4999,11.037,2
-1.2427,-7.8176,2
-8.6843,-11.83,2
2.0747,11.314,2
-7.8575,-11.81,2
11.872,4.341,2
6.6043,-11.968,2
3.1632,-6.7343,2
10.556,6.6704,2
0.20384,11.205,2
-9.2796,1.3384,2
-10.719,-10.269,2
-15.055,-2.4689,2
4.5706,4.1395,2
4.587,-13.033,2
12.849,-3.241,2
5.8758,2.3369,2
-3.1557,10.182,2
-15.13,-2.2889,2
-5.7072,-6.1397,2
-8.6572,-1.2099,2
-2.9208,1.8643,2
-11.365,-9.3554,2
-10.921,-9.9819,2
-4.4679,-13.361,2
-7.1051,-5.0971,2
-8.416,-2.7442,2
-7.6775,-12.132,2
-2.8963,2.4826,2
-9.056,1.0443,2
-4.0902,-13.329,2
-8.0255,6.2856,2
-0.35609,-13.871,2
7.6299,9.5079,2
-0.83666,-7.6188,2
11.345,-6.8714,2
-13.824,-5.3904,2
2.7412,-6.836,2
-1.1448,10.85,2
-14.384,-4.3417,2
-8.0382,-11.864,2
-0.81015,11.266,2
5.652,2.6161,2
-15.466,-0.25724,2
6.5729,-0.9128,2
-4.5012,-13.463,2
-5.9957,-12.902,2
-7.8723,-3.5147,2
-14.013,-4.7118,2
-2.9172,-7.2008,2
5.7505,-12.192,2
-7.624,-4.5162,2
0.94834,11.35,2
12.343,-4.6462,2
-14.216,-4.7148,2
-8.6231,-1.9621,2
4.9447,10.429,2
-14.389,-4.8338,2
5.7612,-12.322,2
4.7514,10.81,2
0.69581,-14.033,2
11.65,4.4663,2
11.572,4.8126,2
2.7244,11.295,2
4.0627,-12.994,2
-4.1184,-6.9513,2
-7.9609,-3.7419,2
2.079,-7.1689,2
-8.6038,-11.388,2
9.4618,-9.7859,2
-1.4627,-14.05,2
-5.0921,-6.0479,2
-15.357,-1.0587,2
-1.2246,4.4516,2
-1.7147,-14.043,2
8.6057,8.6151,2
-7.8698,6.3098,2
5.0102,10.84,2
-7.04,-12.34,2
1.104,-7.3124,2
12.606,-0.97118,2
-5.3113,-13.446,2
0.74216,5.1524,2
3.941,-5.8864,2
-14.049,-5.635,2
-9.2535,-11.103,2
-15.225,0.041365,2
-2.1776,-0.56481,2
1.2828,11.504,2
-3.4351,-13.463,2
-3.8136,-6.7337,2
12.938,-1.4037,2
-14.297,-4.7087,2
12.008,-4.8075,2
-0.40763,-13.933,2
7.0507,9.6196,2
-6.7672,7.5642,2
6.0774,-12.197,2
-10.161,-10.555,2
3.0703,10.929,2
-8.8656,-1.6162,2
12.565,1.4142,2
7.0477,-11.409,2
-8.8898,-1.8738,2
-5.8266,-5.9694,2
11.661,3.8952,2
12.137,-4.9635,2
-2.9938,1.502,2
3.4526,-6.7378,2
-2.6262,10.635,2
10.663,-7.7658,2
5.493,-4.2506,2
6.3635,10.131,2
-4.0937,-6.7514,2
-4.2302,-13.488,2
-4.9995,-6.3734,2
8.028,-10.791,2
12.212,-5.0758,2
-8.4691,-2.9728,2
-3.832,-6.9922,2
8.5008,-10.365,2
4.3815,3.6814,2
-6.8597,7.6826,2
-2.5749,10.853,2
-8.9292,3.5658,2
-14.939,-2.4597,2
2.2711,-13.66,2
11.488,5.3763,2
12.031,3.7545,2
10.317,6.6349,2
7.4761,9.4674,2
-9.0593,0.16131,2
5.1588,3.204,2
3.0274,-13.547,2
-8.685,-1.645,2
-8.6634,4.965,2
6.0136,10.273,2
1.1816,5.2409,2
3.6952,-5.9763,2
1.2664,-13.902,2
-6.1951,-12.797,2
-7.317,-12.234,2
11.235,5.4709,2
-7.5332,-12.183,2
-6.2195,8.5853,2
4.2975,-12.911,2
-9.0552,0.71792,2
6.7667,-0.80643,2
7.7688,8.9735,2
3.4975,-13.198,2
8.2035,-10.281,2
-1.1283,-7.8963,2
6.5468,-2.4712,2
-1.0073,-14.134,2
-9.1068,-11.142,2
-3.4229,-13.575,2
-14.742,-3.894,2
-14.646,-3.5857,2
-0.98391,-7.6032,2
11.324,-6.9879,2
12.966,-0.74487,2
12.303,3.4946,2
-8.9033,-0.75511,2
-8.4895,4.452,2
-0.66751,11.09,2
-6.8266,7.1479,2
0.69187,-14.06,2
12.781,-3.1759,2
7.5884,9.1266,2
-8.2896,-3.2913,2
-6.9867,7.1942,2
12.369,3.1817,2
-15.212,-1.9862,2
4.3595,3.7956,2
-7.8403,6.1275,2
-0.064471,11.166,2
-1.4735,10.914,2
6.2301,10.243,2
-13.835,-5.1782,2
11.749,4.7558,2
0.66938,-13.94,2
12.681,-0.17601,2
-5.0704,-6.5122,2
-11.804,-8.7931,2
6.219,-2.7217,2
6.5693,-11.927,2
12.587,1.3976,2
8.6105,8.3966,2
12.158,3.6296,2
-2.4542,3.0192,2
10.286,-8.2753,2
-5.4608,8.6529,2
-6.4284,-12.997,2
-2.5007,-7.6336,2
11.647,5.0608,2
-3.9461,-13.366,2
7.832,-10.717,2
-6.3881,-5.3951,2
6.3494,-11.797,2
9.0344,8.0202,2
10.286,-8.4814,2
-9.058,-0.43272,2
-9.2257,-11.106,2
-12.333,-7.9336,2
-4.7928,9.4976,2
-7.0563,-12.564,2
-5.9865,-5.6105,2
-0.41901,11.367,2
-8.4674,-2.4809,2
-15.4,-1.5877,2
-8.8014,-1.3204,2
-2.1625,-7.7711,2
-5.3377,9.0469,2
5.571,-4.1482,2
-15.215,-0.58566,2
-4.6265,-13.537,2
-9.4925,-10.686,2
6.3904,-2.9587,2
11.216,-6.6113,2
6.7418,-11.93,2
3.8161,4.5357,2
-3.7392,9.7622,2
5.7862,2.1267,2
3.9896,-5.928,2
12.854,1.1238,2
11.354,-7.3329,2
-12.56,-7.6351,2
2.6568,11.301,2
5.9585,-3.8198,2
-4.9389,-6.6811,2
-5.7362,-6.2512,2
5.3278,10.274,2
8.1158,9.0005,2
9.6519,-9.2709,2
-3.0975,1.6413,2
-2.3421,3.8281,2
12.362,2.2398,2
-9.3529,2.2453,2
-12.664,-7.5858,2
-4.4609,9.7549,2
-4.9322,9.1607,2
12.327,-3.4288,2
-15.06,-1.6113,2
-8.9883,0.94179,2
2.1831,11.108,2
11.271,4.8738,2
-0.53089,-14.095,2
-9.1367,-11.328,2
8.4448,-10.381,2
-4.3668,-6.9843,2
12.824,0.58719,2
7.7927,8.9026,2
-9.2581,0.8308,2
-15.595,0.044265,2
-13.732,-5.8136,2
-6.6518,7.429,2
-6.9982,-12.232,2
4.2244,-13.134,2
-5.4311,-13.275,2
-15.161,-1.7376,2
8.3792,-10.52,2
-8.1522,-2.8899,2
4.1689,10.762,2
-15.348,0.10159,2
1.6697,11.286,2
-7.4553,6.4212,2
-11.375,-9.4452,2
6.3151,-11.876,2
-15.32,0.28447,2
4.1382,-13.306,2
10.337,-8.1006,2
5.8419,10.242,2
-4.6397,-6.3527,2
0.38155,-7.4699,2
-5.231,-13.12,2
-8.4893,5.0951,2
3.1316,4.4973,2
-15.031,-2.5242,2
8.506,8.5307,2
3.6616,4.195,2
9.1133,8.1469,2
2.245,11.343,2
9.9465,7.0326,2
9.6223,7.5373,2
-8.7089,-1.4969,2
-1.0423,11.077,2
11.747,4.256,2
12.368,3.4736,2
-15.508,-0.83574,2
4.1643,10.93,2
-1.3122,-13.664,2
-6.3252,8.1878,2
1.4679,5.2736,2
-9.3558,2.5704,2
-4.67,-13.568,2
10.059,-8.2711,2
12.069,-4.6446,2
11.781,-5.5472,2
-8.8484,-1.6736,2
4.5025,-12.814,2
7.0858,9.5219,2
-2.9796,10.515,2
-12.713,-7.3871,2
2.945,4.9999,2
-4.6799,9.3919,2
-9.1576,-1.2989,2
-3.2857,-13.681,2
12.656,0.50956,2
12.828,0.42694,2
1.6421,-13.675,2
-0.98097,-7.5628,2
0.2821,11.023,2
2.4974,-6.8219,2
9.919,7.6255,2
5.0338,3.3941,2
0.7125,-14.08,2
-9.8756,-10.731,2
8.3631,8.577,2
-8.5938,-11.693,2
12.257,3.6203,2
8.3152,-10.442,2
-1.9854,-13.841,2
-3.5032,-7.0364,2
6.0488,1.9236,2
-7.9941,5.9239,2
-1.5986,-7.5676,2
-9.2767,0.59755,2
-14.754,-3.8208,2
2.6009,11.358,2
-3.0151,0.53422,2
-13.844,-5.4799,2
0.91535,11.045,2
12.082,2.8141,2
12.841,-0.226,2
-2.3481,3.4707,2
3.5001,-6.2589,2
-15.104,-2.2677,2
1.0325,-13.78,2
-7.9302,6.0964,2
-3.8184,10.104,2
-0.18264,11.313,2
-9.704,-10.804,2
-9.3205,-0.44639,2
-3.7352,-6.9193,2
-4.1906,10.018,2
-1.9292,-13.994,2
-7.4581,-12.604,2
-6.2516,7.9752,2
-15.208,0.19984,2
9.8442,-8.8168,2
4.0695,-6.1,2
8.2642,-11.041,2
8.2206,8.6409,2
-5.24,-13.153,2
3.2869,-13.373,2
12.768,0.39013,2
1.6438,11.294,2
-5.2329,-6.2525,2
6.508,-0.98999,2
-6.4797,-12.954,2
4.2636,10.801,2
6.3846,-2.892,2
9.3699,-9.5332,2
10.916,-7.1288,2
11.17,-7.4279,2
6.4433,9.9458,2
12.807,-1.2431,2
-0.75833,11.19,2
3.464,11.165,2
-2.8757,1.9028,2
0.17761,10.981,2
-6.3793,-5.4266,2
-11.02,-9.5288,2
2.2189,11.439,2
-8.5883,-11.615,2
1.7858,11.472,2
8.8597,-10.068,2
-0.90755,4.6199,2
3.2559,-13.076,2
6.2154,9.9591,2
-14.482,-4.1072,2
6.217,1.8932,2
0.28468,4.777,2
-8.8563,-1.7809,2
-12.149,-8.2666,2
11.53,4.5087,2
-8.4206,-2.7571,2
-7.9843,-11.81,2
-13.904,-5.8175,2
-15.474,0.17806,2
2.3082,11.07,2
7.8764,-10.943,2
1.782,11.293,2
-2.2191,-13.795,2
-14.007,-5.536,2
-15.195,-1.9166,2
-1.5671,11.027,2
-2.2923,3.092,2
-15.206,-2.2124,2
-0.30014,-14.07,2
11.239,-7.3434,2
5.5284,-12.163,2
3.032,-13.486,2
-1.7869,3.8553,2
12.735,1.2035,2
-6.8153,-4.8515,2
5.2408,2.8088,2
5.2891,-12.787,2
4.1362,10.966,2
11.393,4.7157,2
-8.3554,-2.3208,2
-1.0875,-13.821,2
-0.61554,-7.5768,2
7.339,-11.38,2
6.7097,-1.3644,2
-1.0855,4.5997,2
3.0726,-13.372,2
10.561,-8.2205,2
1.5302,-13.584,2
5.5748,-4.6134,2
12.269,2.4867,2
-10.541,-10.061,2
3.4229,4.4693,2
-12.55,-8.2873,2
8.1267,-11.094,2
-8.8418,4.2534,2
-7.8929,6.4057,2
10.744,6.1841,2
3.4442,-6.2685,2
-9.1522,3.2831,2
3.5343,4.6674,2
-8.6481,4.2152,2
12.908,-1.9358,2
-12.539,-7.9139,2
10.218,-8.3697,2
-4.1461,9.9862,2
5.6188,10.458,2
0.27282,-13.828,2
4.4927,3.7172,2
6.2498,-2.2638,2
-5.491,-13.066,2
-9.1482,2.2427,2
-3.895,-13.716,2
-8.9142,-11.749,2
5.7575,-12.123,2
3.4898,11.038,2
3.7431,4.3083,2
-8.4137,4.5706,2
5.7708,-12.099,2
12.834,-1.2274,2
-7.2785,-4.3978,2
-5.3071,-13.223,2
12.394,1.7393,2
-3.7123,-13.628,2
9.3368,-9.6839,2
-8.1362,5.4359,2
-3.4595,-7.2004,2
3.5357,-6.5342,2
-6.8783,-12.701,2
4.575,3.5509,2
-9.0026,-1.7309,2
-8.9645,-1.6286,2
10.478,-8.2878,2
5.1247,10.482,2
12.367,-5.1656,2
6.0288,-12.153,2
3.7519,10.945,2
-2.3208,10.642,2
11.643,-6.4284,2
12.391,-3.6694,2
5.0265,3.5602,2
-11.436,-9.1874,2
-9.933,-10.99,2
-7.0762,-12.399,2
8.0217,-10.901,2
6.0243,10.418,2
-3.9067,-13.752,2
12.915,-1.6105,2
3.9342,10.986,2
-8.4108,5.496,2
-5.1456,-13.257,2
-2.8091,1.478,2
-13.108,-6.9448,2
12.944,0.3913,2
-6.54,7.893,2
1.8004,-13.881,2
-8.8447,-11.34,2
-3.0142,10.732,2
-2.6439,-13.694,2
-11.371,-8.9012,2
8.8699,8.336,2
-4.3675,-13.158,2
-15.628,0.02422,2
-9.4178,0.70385,2
-14.962,-3.1934,2
0.31191,-7.4497,2
-0.66062,4.6498,2
-8.3113,-11.789,2
3.7853,-12.939,2
10.249,7.1933,2
1.6037,-13.722,2
3.8417,4.6259,2
-15.233,-2.0012,2
-3.3761,-7.2,2
7.1701,-11.46,2
-0.86146,4.677,2
6.6267,9.9972,2
6.4431,-12.036,2
-15.328,-1.1142,2
8.5151,-10.377,2
5.7343,-4.3071,2
-8.4679,-11.5,2
9.9149,-8.8722,2
12.877,-0.6029,2
2.1691,11.477,2
-0.50362,-7.5515,2
-14.326,-3.9259,2
8.0836,9.2999,2
10.489,6.8313,2
1.5712,11.179,2
-8.7223,4.4278,2
12.011,3.9048,2
2.2307,-13.769,2
2.3383,-13.447,2
6.5539,-0.79723,2
-4.4511,-13.405,2
-5.8085,-13.13,2
-2.1136,-14.026,2
-1.4792,-13.969,2
5.195,-12.723,2
-3.4706,10.425,2
12.947,-2.2267,2
-15.335,-1.2647,2
8.4999,-10.515,2
-2.251,10.571,2
2.1643,4.8045,2
-6.1807,8.3278,2
-1.7731,4.0882,2
-6.8634,7.2783,2
-2.3208,-7.4519,2
5.3013,-4.8184,2
0.35352,4.7624,2
4.5248,10.953,2
11.185,5.5849,2
-7.5226,-12.571,2
-0.61354,-14.149,2
-7.7549,6.3424,2
-6.4708,-5.366,2
-13.831,-5.5751,2
11.554,-6.6231,2
-6.7095,7.91,2
-10.248,-10.612,2
9.637,-9.147,2
5.7755,10.323,2
5.6188,-4.6044,2
3.2354,-6.5113,2
5.0299,-5.1032,2
-2.7863,1.5974,2
-6.9816,-12.403,2
2.2407,-7.1947,2
13.032,-1.6581,2
10.093,7.1634,2
-9.085,1.5639,2
-9.3707,0.56526,2
-0.8256,4.5316,2
-2.4549,-13.739,2
-7.5183,-4.1981,2
-15.178,-0.08209,2
2.5571,-13.454,2
-4.0907,-6.8267,2
12.696,-1.9252,2
12.688,-0.42753,2
-15.323,-1.2665,2
6.6165,10.105,2
-5.0698,-6.5867,2
0.70067,11.328,2
-9.4218,-11.043,2
12.299,-5.0458,2
5.7451,-4.2132,2
-1.6288,-7.4511,2
4.4891,10.779,2
-7.8822,6.2383,2
-5.2135,-13.053,2
6.7236,0.42849,2
11.143,5.5246,2
-5.0915,-13.439,2
7.7033,9.3397,2
2.4308,4.9963,2
-4.7533,-13.083,2
3.7115,10.99,2
-3.5821,10.266,2
-1.3792,-13.896,2
4.4272,-5.7354,2
-1.5133,-14.025,2
10.285,6.8866,2
-13.21,-7.178,2
-6.6442,7.9124,2
12.597,0.29234,2
11.721,3.9668,2
5.8738,-12.386,2
4.2923,-5.7061,2
7.6544,-11.127,2
10.971,-7.4576,2
9.8241,-9.058,2
5.7982,2.7041,2
2.5839,-13.707,2
-2.0008,10.984,2
0.074347,4.9502,2
-7.0449,-12.539,2
-3.0123,-13.835,2
1.8559,4.7751,2
-7.5506,6.8198,2
-8.345,-11.982,2
-7.9085,-11.815,2
-4.1146,-6.8076,2
-6.8225,7.3955,2
4.0764,-5.9139,2
2.8596,-6.8616,2
6.7237,-12.097,2
7.0871,9.9409,2
-8.7873,-0.81422,2
2.8387,-13.161,2
-2.8262,0.81185,2
-9.1657,-0.049184,2
5.4117,10.706,2
9.635,-9.3127,2
-2.0591,11.024,2
-3.8535,-13.473,2
10.836,5.6758,2
-2.1427,3.6814,2
3.5841,-6.332,2
5.7906,-12.543,2
5.2566,-12.752,2
12.326,1.6961,2
-5.4137,9.1985,2
-0.89563,-13.685,2
10.342,-8.2901,2
4.7549,-12.833,2
0.52671,-7.5232,2
0.88747,5.1854,2
-7.1407,-12.646,2
-0.2906,-14.039,2
6.5096,-11.943,2
2.5968,4.8689,2
-1.8903,3.6676,2
-8.7963,-1.7921,2
12.038,3.5402,2
9.2813,-9.6477,2
-9.336,0.4731,2
-1.1635,-14.061,2
-9.1365,-1.3436,2
8.0165,9.1067,2
9.8198,7.8457,2
-1.1908,-7.6383,2
1.7622,-7.26,2
-1.7387,-13.868,2
-1.5959,10.865,2
-2.1917,-13.683,2
12.867,0.56852,2
11.684,4.1144,2
11.367,-6.2404,2
-15.221,-2.4964,2
-8.9511,-1.6759,2
-14.514,-4.9569,2
11.45,-6.7156,2
-9.1104,0.66866,2
-7.2816,7.3463,2
-9.8172,-10.91,2
10.512,-8.5755,2
-6.5499,-12.895,2
3.7453,4.4095,2
-3.0556,0.75098,2
5.5268,-12.502,2
-8.5807,-11.546,2
12.674,-3.6266,2
-2.1822,-13.72,2
3.7262,4.6217,2
-5.4306,-13.121,2
-12.411,-7.8343,2
-2.3394,-7.6819,2
-11.768,-8.525,2
12.459,3.0294,2
5.1406,-12.602,2
-9.3825,1.4614,2
-4.1842,-6.9581,2
12.29,-4.5649,2
-5.7081,-5.9617,2
8.4079,8.607,2
-1.8945,-7.4961,2
-8.9313,2.7146,2
-14.818,-4.0273,2
-12.064,-8.5303,2
-9.0686,-0.0032765,2
9.6221,7.7343,2
-15.087,-2.8895,2
3.5516,-6.0507,2
-8.378,-2.3202,2
12.183,-4.5048,2
12.819,1.7936,2
2.8447,-13.597,2
8.7502,8.563,2
-3.1311,-13.727,2
-6.6069,8.2142,2
2.4208,-6.9188,2
-5.7335,9.1322,2
3.4213,-6.4965,2
6.394,1.118,2
10.841,-7.8636,2
11.169,5.7931,2
7.3529,-11.014,2
12.183,-4.3914,2
6.3383,-1.5108,2
-8.4675,5.1916,2
0.41818,11.509,2
2.5123,-13.38,2
-6.8845,-12.628,2
-0.1891,4.8122,2
2.1072,-13.89,2
3.3382,-13.432,2
3.6211,4.6182,2
12.745,-0.51844,2
-8.2793,-2.3879,2
0.78351,11.401,2
-7.1908,7.2344,2
-3.2173,0.53962,2
10.493,6.7529,2
12.893,0.27947,2
6.4764,-12.06,2
12.842,-3.1229,2
6.4101,-12.129,2
-2.849,0.97189,2
-5.288,9.2583,2
-6.1995,-5.8648,2
-0.78163,-13.894,2
5.173,-4.6319,2
3.8016,-13.124,2
1.3549,5.274,2
8.6915,8.577,2
-5.7267,8.5535,2
1.9777,-7.2969,2
4.0502,-5.9391,2
5.1057,-12.571,2
-11.154,-9.7082,2
-5.5035,-13.274,2
7.2017,9.4561,2
0.72003,-13.843,2
-5.7622,8.5646,2
-9.1667,3.8287,2
-3.5832,-13.375,2
8.6916,8.5369,2
-4.2775,-13.477,2
-3.6086,-13.793,2
7.7648,-11.169,2
12.42,-3.8961,2
6.4645,0.52362,2
12.693,-1.977,2
7.8464,9.4169,2
12.795,-3.4733,2
1.2688,-7.5643,2
11.816,4.7006,2
4.2009,11.12,2
-3.9224,10.153,2
-5.7892,8.4844,2
7.8053,9.2701,2
4.0469,-5.6073,2
10.059,-8.7412,2
-6.5267,-12.437,2
12.167,-4.7094,2
-9.0695,2.0383,2
-1.237,-7.4656,2
-8.7544,4.2662,2
0.33391,-7.4916,2
1.9166,-7.1288,2
-3.1978,10.501,2
-12.391,-7.6412,2
-9.4812,-11.009,2
-8.9205,-0.63069,2
8.739,8.4237,2
3.6646,4.2038,2
11.114,5.6254,2
-13.54,-5.7,2
-5.9733,-5.7974,2
7.7791,-11.117,2
2.747,-13.544,2
0.17866,11.324,2
-1.8265,10.992,2
-9.2384,2.278,2
-1.6846,-7.4631,2
6.0085,-12.219,2
-8.4794,-11.579,2
-10.44,-10.087,2
-14.732,-3.6152,2
-8.8242,-0.77604,2
-8.5335,-2.0629,2
12.415,-4.3737,2
9.3042,-9.8439,2
4.5514,3.627,2
-0.31267,4.7734,2
7.6562,9.0994,2
8.8456,-10.399,2
12.591,0.31208,2
-7.838,6.1539,2
11.361,-6.4099,2
-12.894,-6.9534,2
-14.067,-5.869,2
3.0719,4.6141,2
8.1832,-10.438,2
6.582,-1.3993,2
2.8297,4.7276,2
-3.3936,-13.567,2
-3.3252,10.452,2
-4.4345,9.8053,2
2.8368,-6.7865,2
3.7549,4.3671,2
-10.11,-10.791,2
3.0972,-13.215,2
2.2074,-13.637,2
6.3051,-2.8443,2
12.796,0.65285,2
-2.8177,0.58727,2
6.5124,-12.007,2
-14.45,-4.3306,2
0.011778,5.1236,2
2.2228,4.7807,2
11.127,-7.6389,2
10.459,6.7558,2
-8.9532,-1.1116,2
-6.5106,-12.433,2
9.8396,7.3998,2
-15.061,-3.0096,2
4.9907,3.425,2
3.2168,4.9008,2
12.181,3.1563,2
9.3952,8.1691,2
10.826,5.8355,2
1.0922,-7.4003,2
1.0118,-13.816,2
9.7746,7.2708,2
8.8386,-10.17,2
-7.5349,6.9213,2
1.5156,-13.53,2
-7.1148,-12.272,2
12.474,1.6352,2
0.13488,-13.867,2
