0 0.72405
0.01 1.7732
0.04 0.65655
0.07 1.2453
0.11 1.4463
0.16 0.58315
0.19 0.50391
0.24 0.2435
0.29 0.42509
0.3 0.57754
0.34 0.028686
0.35 -0.26316
0.37 0.15261
0.38 0.0592
0.41 -0.14924
0.44 0.62418
0.46 -0.25139
0.51 -0.38167
0.52 -0.87078
0.56 -0.8298
0.57 -0.56136
0.59 -1.5312
0.6 -0.44546
0.62 -0.68486
0.63 -0.84108
0.66 -0.59521
0.67 -0.92408
0.72 0.14517
0.73 -0.97196
0.74 -0.4341
0.77 -0.62573
0.78 -0.38959
0.81 -0.72655
0.82 0.097213
0.83 0.20824
0.86 0.21133
0.87 0.35791
0.88 0.36394
0.89 0.25008
0.91 -0.45751
0.94 0.79186
0.95 0.063318
0.97 0.041833
1.01 1.0322
1.08 1.186
1.12 1.5188
1.13 1.2645
1.24 1.2927
1.25 1.1205
1.28 1.6315
1.3 2.0141
1.32 1.8688
1.34 1.0916
1.4 1.9643
1.41 1.6975
1.44 1.18
1.45 1.3568
1.46 1.7315
1.47 1.7886
1.51 0.78601
1.52 1.3269
1.53 0.87221
1.55 0.40728
1.61 1.1892
1.65 0.32086
1.69 0.74481
1.72 0.24173
1.73 0.35359
1.75 0.2753
1.78 -0.30362
1.82 0.40621
1.86 -0.3682
1.87 -0.028853
1.9 -0.64216
1.93 -0.01634
1.94 0.48524
1.95 0.28962
1.96 -0.15375
1.98 0.19247
1.99 -0.27871
2.01 0.51318
2.05 0.0053115
2.07 -0.07251
2.1 0.53196
2.14 0.72826
2.15 1.6459
2.17 1.1444
2.21 1.2973
2.22 1.5118
2.24 2.0813
2.26 1.7168
2.28 1.9763
2.32 2.3822
2.33 1.9901
2.37 2.1214
2.4 2.2226
2.42 2.9679
2.43 2.6543
2.44 2.8319
2.47 2.4849
2.51 2.8044
2.56 2.791
2.58 2.9278
2.63 2.771
2.64 3.004
2.65 2.2102
2.68 1.7534
2.69 2.543
2.7 2.6419
2.71 2.2713
2.72 1.9998
2.75 2.4495
2.77 2.5869
2.78 3.1607
2.83 2.3613
2.84 2.2914
2.86 2.9408
2.92 3.0567
2.94 2.5162
2.97 1.6256
2.99 1.6935
3 2.19
3.03 2.3764
3.08 2.2186
3.11 1.6706
3.16 1.8867
3.22 2.1787
3.25 2.324
3.26 2.8644
3.27 3.1165
3.28 2.5163
3.31 2.7255
3.37 3.3683
3.38 2.8305
3.42 3.0415
3.43 3.8374
3.45 4.0763
3.49 4.6292
3.51 4.0283
3.52 3.9581
3.53 4.9585
3.55 4.9542
3.56 4.6004
3.57 4.3849
3.62 5.1269
3.63 5.3613
3.64 5.3841
3.66 5.081
3.68 5.947
3.69 5.5637
3.71 5.2074
3.75 5.6968
3.78 5.9637
3.79 5.9475
3.81 5.652
3.82 6.2532
3.86 6.7295
3.87 6.2854
3.9 6.2065
3.92 6.3131
3.98 6.3255
3.99 6.5382
4.02 5.6847
4.03 5.7485
4.04 5.9195
4.06 6.1113
4.11 5.4299
4.12 5.2347
4.13 6.3894
4.14 5.9575
4.17 5.2516
4.18 5.3613
4.2 5.2069
4.21 5.7694
4.22 5.0726
4.24 5.3248
4.29 5.6758
4.32 5.7845
4.37 5.7019
4.39 5.4499
4.46 5.4283
4.56 6.3573
4.57 6.0913
4.62 6.7836
4.64 6.6298
4.66 6.5416
4.68 7.4612
4.69 6.9099
4.71 6.8399
4.73 7.1136
4.76 7.1424
4.78 7.6785
4.81 8.455
4.83 8.5589
4.9 7.8251
4.91 7.7608
4.93 7.9799
4.95 7.7996
4.97 8.2319
4.99 8.4293
