-0.999 -0.945 3.2467
-0.999 0.292 3.8645
-0.998 0.588 3.7889
-0.997 -0.705 3.6508
-0.997 0.959 3.2612
-0.995 -0.763 3.5492
-0.994 0.357 3.6033
-0.989 -0.992 3.1759
-0.988 -0.83 3.4493
-0.987 -0.491 4.1133
-0.985 -0.606 3.6317
-0.984 0.506 3.7244
-0.982 0.492 3.811
-0.981 -0.047 4.0994
-0.979 0.152 4.0149
-0.976 0.142 4.1236
-0.974 -0.467 4.0312
-0.973 -0.757 3.295
-0.973 0.601 3.426
-0.972 -0.602 3.4945
-0.972 -0.527 3.7076
-0.972 0.222 3.6446
-0.972 0.363 3.7776
-0.97 -0.923 3.246
-0.97 0.867 3.3865
-0.969 -0.9 2.8643
-0.968 -0.437 3.7422
-0.965 -0.063 3.7708
-0.964 -0.927 2.903
-0.964 0.254 4.2152
-0.963 0.287 3.5353
-0.96 0.591 3.9702
-0.958 0.546 3.5985
-0.954 0.49 3.4556
-0.952 0.474 3.6393
-0.95 0.498 3.9654
-0.947 0.777 3.3206
-0.941 0.757 3.3809
-0.928 0.408 3.4615
-0.926 -0.937 2.8613
-0.925 -0.04 4.1736
-0.924 -0.805 3.3357
-0.922 0.307 3.78
-0.922 0.414 3.7883
-0.919 0.374 3.5495
-0.919 0.483 3.5875
-0.916 0.91 2.8946
-0.915 -0.639 3.0674
-0.915 -0.263 3.4527
-0.911 -0.292 3.397
-0.911 -0.018 3.6835
-0.91 -0.088 3.4117
-0.906 -0.688 3.1439
-0.902 -0.657 3.3399
-0.902 -0.098 3.7833
-0.9 -0.503 3.6761
-0.899 -0.392 3.4594
-0.898 -0.306 3.2359
-0.895 0.18 3.4163
-0.893 -0.945 2.8588
-0.893 0.307 3.2287
-0.885 -0.217 3.6122
-0.878 0.319 3.6709
-0.876 0.967 2.5207
-0.872 -0.114 3.1174
-0.871 -0.618 3.0811
-0.869 0.713 3.1497
-0.865 -0.473 3.4842
-0.861 0.381 3.2567
-0.854 0.319 3.3532
-0.851 0.764 2.9915
-0.849 -0.126 3.5257
-0.847 0.932 2.7843
-0.845 -0.665 3.2224
-0.844 -0.776 3.0796
-0.842 -0.986 2.3442
-0.839 -0.331 3.3023
-0.839 0.299 3.0349
-0.839 0.724 3.0565
-0.837 -0.334 3.0877
-0.826 -0.856 2.6237
-0.825 -0.531 3.309
-0.823 0.309 3.2589
-0.822 0.317 3.1818
-0.822 0.829 2.9105
-0.815 0.533 3.2489
-0.814 -0.125 3.1442
-0.81 -0.025 3.9054
-0.807 -0.948 2.3148
-0.805 -0.135 3.3063
-0.803 0.839 2.6092
-0.801 -0.626 2.7141
-0.8 -0.577 2.6482
-0.798 -0.245 3.0043
-0.797 -0.182 3.2388
-0.797 0.527 3.0256
-0.797 0.822 2.7004
-0.793 -0.959 2.1768
-0.793 -0.616 3.0172
-0.789 -0.184 3.3089
-0.788 0.893 2.657
-0.785 0.047 3.3624
-0.782 -0.767 2.632
-0.776 -0.947 2.1619
-0.773 0.178 3.2756
-0.773 0.913 2.259
-0.771 0.256 3.386
-0.767 -0.218 3.1368
-0.766 -0.456 2.8735
-0.764 -0.53 3.1612
-0.761 -0.68 2.6355
-0.757 -0.987 1.9836
-0.755 -0.859 2.5813
-0.754 0.478 2.582
-0.753 -0.266 2.9776
-0.75 -0.106 2.8192
-0.746 0.418 3.0878
-0.745 -0.186 3.7936
-0.744 0.39 2.7934
-0.741 -0.679 2.6017
-0.741 -0.456 3.2269
-0.737 0.853 2.4266
-0.736 -0.842 2.3349
-0.736 0.379 2.8433
-0.736 0.947 2.295
-0.735 0.966 2.1056
-0.733 -0.923 2.4042
-0.732 0.286 2.8627
-0.729 -0.434 2.7228
-0.729 0.949 2.4134
-0.727 0.18 3.1788
-0.72 -0.569 2.4209
-0.72 -0.192 3.4017
-0.719 -0.942 2.0691
-0.719 -0.504 2.6807
-0.719 0.789 2.5144
-0.717 -0.269 2.8153
-0.711 0.517 2.5839
-0.71 -0.658 2.7532
-0.71 0.825 2.426
-0.708 0.13 2.5521
-0.708 0.783 2.5356
-0.706 -0.686 2.4059
-0.703 -0.059 2.8466
-0.7 -0.187 3.2816
-0.699 -0.255 2.7673
-0.698 -0.133 2.773
-0.698 0.756 2.3993
-0.697 -0.982 1.9645
-0.695 0.632 2.7688
-0.695 0.685 2.6083
-0.694 -0.576 2.828
-0.69 0.62 2.3815
-0.688 0.353 2.8076
-0.684 -0.1 2.9463
-0.682 -0.77 2.4478
-0.682 -0.181 3.2678
-0.682 -0.181 3.2678
-0.68 -0.413 3.0969
-0.68 -0.208 3.0448
-0.68 0.61 2.7918
-0.679 -0.489 2.8411
-0.676 0.675 2.406
-0.675 -0.927 1.9697
-0.675 -0.471 2.9204
-0.673 0.517 2.7523
-0.67 -0.063 3.1421
-0.666 0.014 2.907
-0.664 0.919 2.1947
-0.663 -0.022 2.8389
-0.662 -0.341 2.9475
-0.661 0.082 2.9613
-0.658 0.781 2.0728
-0.657 -0.789 2.2115
-0.657 -0.145 3.2725
-0.655 0.867 2.3413
-0.652 0.094 3.1305
-0.647 0.121 2.5944
-0.646 -0.688 2.5862
-0.644 -0.43 2.7528
-0.643 0.096 2.7858
-0.637 -0.194 3.0813
-0.635 -0.575 2.647
-0.63 -0.084 2.4554
-0.63 0.93 2.1745
-0.629 0.456 2.6358
-0.627 0.084 2.8541
-0.621 0.797 2.5828
-0.621 0.987 1.846
-0.619 -0.307 2.9102
-0.613 -0.61 2.503
-0.613 -0.302 2.503
-0.61 0.797 2.2991
-0.609 0.521 2.4105
-0.608 0.192 2.5544
-0.606 -0.499 2.7985
-0.605 0.756 2.3575
-0.599 0.182 2.641
-0.598 -0.959 1.601
-0.594 -0.739 1.9469
-0.594 -0.268 2.6768
-0.594 0.946 2.1221
-0.582 0.119 2.777
-0.575 0.54 2.3763
-0.574 -0.719 2.1077
-0.574 -0.035 2.62
-0.573 0.125 3.1392
-0.561 -0.514 2.3305
-0.558 -0.354 2.369
-0.556 -0.765 1.5803
-0.555 -0.114 2.7753
-0.55 0.231 2.4693
-0.548 -0.548 2.1727
-0.544 -0.704 2.2878
-0.544 -0.224 2.4294
-0.543 0.723 1.9924
-0.541 0.063 2.9953
-0.54 0.367 2.7901
-0.54 0.551 2.8818
-0.534 0.478 2.4167
-0.533 0.623 2.0876
-0.532 -0.265 2.5299
-0.531 -0.02 2.4181
-0.531 0.833 2.0536
-0.53 0.455 2.3243
-0.528 -0.293 2.4693
-0.521 -0.253 2.6112
-0.52 0.674 2.2129
-0.516 -0.431 2.5626
-0.514 -0.137 2.6844
-0.513 0.737 2.2886
-0.512 -0.586 2.5356
-0.512 -0.09 2.5968
-0.511 -0.435 2.6985
-0.508 -0.994 1.6206
-0.508 -0.738 2.0786
-0.504 -0.113 2.6053
-0.504 0.475 2.0327
-0.504 0.715 2.3414
-0.502 -0.535 2.2209
-0.498 0.168 2.4355
-0.498 0.414 2.4814
-0.497 -0.763 1.986
-0.497 -0.344 2.5834
-0.494 0.979 1.6614
-0.493 -0.889 1.8303
-0.493 0.308 2.2513
-0.482 0.117 2.5968
-0.48 0.431 2.4871
-0.478 0.746 2.2797
-0.473 0.222 2.2181
-0.472 0.592 2.5446
-0.469 -0.787 1.6755
-0.466 -0.978 1.7652
-0.466 0.014 2.3137
-0.462 -0.936 1.5396
-0.462 0.216 2.5675
-0.46 -0.812 1.8678
-0.457 -0.477 2.4758
-0.457 -0.194 2.4868
-0.457 0.55 2.1293
-0.452 0.794 1.9619
-0.449 -0.056 2.5322
-0.442 -0.879 1.5795
-0.441 0.555 2.0736
-0.433 0.919 1.7095
-0.432 -0.332 2.4035
-0.431 0.672 2.2511
-0.428 -0.922 1.6443
-0.426 0.468 2.4672
-0.423 0.133 2.5625
-0.422 0.236 2.7045
-0.42 0.842 1.67
-0.419 -0.232 2.6509
-0.419 0.348 2.7944
-0.418 -0.116 2.8296
-0.417 0.367 2.2089
-0.417 0.627 2.3449
-0.415 -0.085 2.5545
-0.415 0.506 1.9958
-0.413 0.13 2.7177
-0.411 -0.816 1.8581
-0.411 -0.73 1.6974
-0.411 -0.315 2.487
-0.411 0.683 1.8374
-0.409 0.393 2.493
-0.409 0.561 2.2841
-0.409 0.885 1.5678
-0.408 -0.743 2.0584
-0.405 0.532 2.3328
-0.398 0.284 2.1627
-0.398 0.751 1.9225
-0.397 -0.25 2.4244
-0.396 -0.08 2.4753
-0.393 -0.155 2.2459
-0.392 -0.967 1.7129
-0.391 0.836 1.7654
-0.39 -0.483 1.9793
-0.39 -0.025 2.1513
-0.39 0.981 1.6404
-0.387 -0.809 1.9465
-0.386 -0.972 1.4511
-0.383 -0.597 2.0688
-0.383 0.324 2.5106
-0.378 -0.916 1.3759
-0.376 -0.474 2.2802
-0.376 0.23 2.5645
-0.371 -0.497 1.8831
-0.371 0.151 2.3779
-0.37 -0.693 2.0445
-0.369 -0.592 2.1205
-0.369 0.837 1.6814
-0.364 0.348 2.4811
-0.361 -0.418 2.4989
-0.356 0.872 1.6893
-0.35 0.644 2.0723
-0.347 -0.455 2.3986
-0.347 -0.098 2.1789
-0.347 0.521 2.2189
-0.345 -0.248 2.3125
-0.343 -0.316 2.3688
-0.341 -0.032 2.5755
-0.341 0.587 1.9586
-0.337 -0.229 2.1765
-0.33 -0.417 2.6679
-0.33 0.017 2.2193
-0.328 -0.613 2.2167
-0.327 -0.689 1.8042
-0.327 0.155 2.4526
-0.325 -0.405 2.4302
-0.325 0.485 1.9684
-0.323 0.873 1.5213
-0.32 0.697 2.115
-0.32 0.906 1.4898
-0.317 -0.815 1.8831
-0.317 0.572 1.7388
-0.315 0.883 1.5576
-0.312 -0.364 1.8957
-0.312 -0.004 2.6379
-0.307 0.885 1.8536
-0.304 -0.1 2.1704
-0.296 -0.796 1.3699
-0.292 -0.221 2.0727
-0.292 0.484 2.0358
-0.287 -0.785 1.5184
-0.285 -0.104 2.3938
-0.284 0.129 1.9222
-0.281 0.027 1.918
-0.279 0.537 2.0673
-0.278 -0.586 1.9895
-0.277 -0.556 1.8794
-0.276 -0.448 1.7962
-0.276 0.875 1.7511
-0.275 0.386 1.6231
-0.272 -0.165 2.111
-0.269 -0.658 1.6267
-0.269 0.892 1.5166
-0.268 -0.148 2.171
-0.268 -0.062 2.1564
-0.267 0.345 1.9172
-0.267 0.514 1.9856
-0.265 -0.894 1.7175
-0.265 0.092 1.8195
-0.262 -0.781 1.8668
-0.26 -0.98 1.5449
-0.259 0.062 2.2188
-0.252 -0.393 2.4683
-0.25 -0.749 2.1653
-0.245 0.177 2.3265
-0.242 -0.962 1.3709
-0.242 0.037 2.2737
-0.24 -0.45 2.3539
-0.238 -0.081 2.425
-0.236 -0.976 1.2616
-0.236 0.098 2.2872
-0.234 -0.984 1.3635
-0.234 0.448 2.0879
-0.234 0.847 1.4337
-0.233 0.346 2.1141
-0.232 -0.761 1.2841
-0.226 0.218 2.1456
-0.224 -0.135 2.1628
-0.224 0.296 1.9975
-0.218 0.424 2.0358
-0.215 -0.462 1.8259
-0.213 -0.014 2.6892
-0.213 0.337 2.3944
-0.207 -0.392 1.7988
-0.205 -0.21 2.1611
-0.203 0.529 1.8922
-0.199 -0.663 1.7015
-0.199 -0.523 1.9476
-0.199 0.316 2.4256
-0.197 -0.189 2.1753
-0.197 0.901 1.6779
-0.196 0.436 2.4744
-0.194 -0.05 2.2462
-0.193 0.741 1.8985
-0.191 -0.825 1.4899
-0.189 0.307 2.0506
-0.186 -0.134 2.0348
-0.183 -0.135 2.3628
-0.181 0.876 1.5455
-0.18 -0.154 2.2572
-0.177 -0.489 1.7489
-0.174 -0.768 1.2154
-0.173 0.907 1.6043
-0.168 -0.707 1.7219
-0.167 -0.981 1.3288
-0.165 0.39 1.8398
-0.164 0.712 1.4704
-0.163 0.641 1.6305
-0.162 -0.536 1.7924
-0.162 0.284 2.4468
-0.16 -0.417 1.7471
-0.158 -0.515 2.1478
-0.157 0.136 2.1493
-0.156 -0.597 1.7475
-0.156 -0.19 1.9892
-0.155 0.208 2.1594
-0.154 0.838 1.5624
-0.152 0.775 1.6535
-0.147 0.694 1.589
-0.142 -0.921 1.7384
-0.14 0.323 1.7619
-0.139 -0.034 2.0863
-0.139 0.085 2.1346
-0.139 0.478 1.7362
-0.137 0.55 1.7592
-0.131 -0.001 2.1028
-0.129 -0.215 2.249
-0.129 0.671 1.3588
-0.128 0.425 1.5921
-0.127 -0.588 2.0641
-0.127 -0.332 1.7884
-0.127 0.248 2.1996
-0.12 -0.679 1.3514
-0.115 -0.589 1.6445
-0.114 -0.158 1.9457
-0.101 0.499 1.8737
-0.093 0.408 1.7756
-0.092 0.096 1.8407
-0.091 0.651 1.6862
-0.09 0.381 2.5532
-0.084 -0.58 1.6443
-0.082 0.614 1.4981
-0.08 -0.416 1.8193
-0.076 -0.659 1.6033
-0.075 0.318 2.0465
-0.074 0.654 1.6183
-0.064 -0.775 1.489
-0.062 -0.106 2.1533
-0.061 0.311 1.8661
-0.057 -0.711 1.4875
-0.054 0.091 1.9937
-0.054 0.744 1.3614
-0.052 -0.517 1.9051
-0.051 0.728 1.121
-0.046 -0.786 1.4915
-0.045 0.772 1.5054
-0.04 -0.203 1.9976
-0.04 0.431 2.1262
-0.036 0.781 1.3354
-0.035 -0.185 1.9616
-0.031 -0.977 1.0914
-0.03 -0.468 2.0281
-0.029 0.252 2.2946
-0.028 -0.018 2.3309
-0.028 0.698 1.2053
-0.027 -0.037 1.8736
-0.026 -0.797 1.1989
-0.026 -0.132 1.6915
-0.025 0.258 1.9538
-0.025 0.296 1.7504
-0.024 -0.517 2.1939
-0.02 -0.321 1.9893
-0.018 -0.193 2.2751
-0.018 0.216 2.0204
-0.012 -0.514 1.6948
-0.009 -0.671 1.4476
-0.008 0.8 1.4564
-0.006 -0.521 1.2321
-0.001 0.164 2.259
0 0.566 1.9409
0.001 0.307 1.9937
0.002 0.284 1.9623
0.003 -0.92 1.2525
0.006 -0.969 1.1754
0.006 -0.804 1.3517
0.007 -0.488 1.8462
0.007 0.799 1.2928
0.007 0.944 1.0874
0.011 -0.762 1.6569
0.015 -0.198 1.7604
0.016 -0.447 1.3619
0.023 -0.833 1.575
0.027 0.475 1.7457
0.028 -0.386 1.6573
0.03 -0.969 1.1318
0.03 0.112 2.2711
0.031 -0.165 1.8821
0.035 -0.578 1.692
0.039 -0.751 1.1802
0.041 -0.948 0.98125
0.043 -0.915 1.1414
0.044 -0.482 2.145
0.045 0.953 0.86145
0.046 0.286 1.8017
0.052 0.916 1.2516
0.054 -0.378 1.9278
0.054 0.51 1.6379
0.055 -0.643 1.3914
0.055 -0.465 1.7874
0.055 0.12 1.9126
0.056 -0.067 1.922
0.056 0.655 1.6778
0.057 0.001 1.7395
0.057 0.863 1.117
0.058 0.494 1.8303
0.058 0.744 1.423
0.06 -0.686 1.2058
0.06 0.235 1.8098
0.061 0.713 1.4517
0.062 -0.304 1.7863
0.062 0.303 2.0057
0.063 -0.18 1.6396
0.069 -0.438 1.6225
0.074 0.153 1.9109
0.079 0.332 2.1551
0.083 -0.432 1.7064
0.085 -0.394 1.5138
0.085 -0.338 1.3869
0.085 0.163 1.5735
0.089 -0.825 1.1733
0.089 0.466 1.9323
0.091 -0.584 1.6746
0.093 -0.493 1.7839
0.094 0.664 1.164
0.095 -0.136 2.1237
0.096 -0.692 1.6296
0.1 0.61 1.3567
0.101 -0.272 1.6838
0.101 0.221 1.5427
0.102 -0.559 1.9964
0.103 -0.231 1.6186
0.103 0.061 1.7529
0.104 -0.033 1.8862
0.104 0.534 1.373
0.11 0.813 1.2445
0.111 -0.057 1.8712
0.112 0.248 1.5994
0.115 0.772 1.2034
0.119 -0.399 1.3911
0.12 -0.504 1.8376
0.122 -0.981 0.81831
0.126 -0.959 0.85882
0.127 0.034 1.7406
0.129 -0.871 1.043
0.13 -0.708 1.4828
0.132 -0.921 0.79907
0.132 -0.04 2.1485
0.132 0.11 1.9158
0.134 -0.973 0.9999
0.137 -0.819 1.2028
0.138 0.784 1.011
0.139 0.129 1.7056
0.14 -0.993 0.71975
0.141 -0.118 1.8418
0.143 -0.915 0.79107
0.146 -0.181 1.7517
0.15 0.385 1.741
0.151 0.229 2.1499
0.152 0.358 1.6137
0.157 -0.534 1.6033
0.159 0.28 2.1418
0.16 0.312 2.2014
0.167 -0.177 1.7333
0.174 -0.988 1.0553
0.174 0.477 1.6061
0.176 -0.045 1.9513
0.176 0.72 1.1994
0.18 -0.673 1.5257
0.181 -0.622 1.5852
0.184 0.431 1.823
0.189 0.536 1.428
0.191 -0.824 1.2638
0.193 -0.719 1.6459
0.2 -0.678 1.5546
0.201 0.381 2.2265
0.202 0.213 1.7235
0.203 -0.423 1.5891
0.203 0.366 1.685
0.204 0.014 1.8794
0.208 0.238 1.6105
0.209 0.766 1.0659
0.21 -0.117 1.8187
0.21 0.092 1.841
0.212 0.188 1.5553
0.212 0.418 1.3028
0.213 -0.687 1.3963
0.213 -0.603 1.4034
0.215 -0.205 1.8364
0.218 -0.435 1.7988
0.22 0.106 1.7603
0.22 0.522 1.7396
0.224 0.018 1.678
0.225 -0.369 1.5549
0.231 -0.703 1.3844
0.234 0.168 1.7112
0.236 0.434 1.7391
0.237 0.978 0.83097
0.239 -0.932 1.113
0.239 -0.411 1.6436
0.241 0.404 1.2014
0.243 -0.491 1.1399
0.243 -0.017 1.8546
0.244 -0.59 1.4664
0.244 0.313 1.4429
0.258 0.39 1.7384
0.26 0.568 1.5681
0.263 -0.394 1.792
0.271 -0.678 1.4243
0.271 -0.137 1.7147
0.272 0.861 1.1693
0.274 -0.421 1.6696
0.274 0.339 1.7205
0.274 0.918 1.109
0.276 0.886 0.89809
0.277 -0.958 0.9251
0.282 -0.198 1.567
0.283 0.27 1.5583
0.285 -0.174 2.0026
0.287 -0.559 1.7925
0.29 0.7 1.3372
0.292 0.504 1.2377
0.293 -0.567 1.3666
0.293 0.006 1.9874
0.296 -0.904 0.78682
0.297 -0.907 1.0401
0.299 0.155 2.0643
0.301 -0.637 1.4319
0.301 0.994 0.5884
0.304 -0.993 0.79224
0.305 -0.064 1.7896
0.306 0.506 1.7426
0.307 0.317 1.4527
0.309 -0.631 1.4456
0.314 -0.274 1.5907
0.316 -0.141 1.4921
0.317 -0.929 0.64885
0.317 -0.199 1.8198
0.318 0.065 1.658
0.322 -0.462 1.3982
0.323 -0.192 1.8053
0.326 0.272 1.7054
0.332 -0.42 1.7465
0.335 0.102 2.1689
0.335 0.917 0.88587
0.336 0.65 1.2298
0.337 -0.367 1.6218
0.337 0.979 0.87741
0.338 0.746 1.0012
0.339 -0.771 1.2712
0.339 0.928 0.99246
0.34 0.722 1.1938
0.34 0.822 0.94659
0.344 0.517 1.573
0.348 -0.864 0.7372
0.348 -0.415 1.7889
0.356 0.148 1.8602
0.357 -0.677 1.3094
0.358 -0.75 1.0952
0.358 -0.257 1.2434
0.362 0.999 0.79822
0.363 -0.792 1.0921
0.364 -0.107 1.6253
0.369 0.28 1.2311
0.37 -0.435 1.6307
0.371 -0.683 1.1207
0.371 0.421 1.5089
0.372 -0.748 0.99853
0.373 0.026 1.8149
0.373 0.348 1.7851
0.374 0.688 0.92759
0.376 -0.798 0.99888
0.377 0.514 1.6826
0.384 -0.53 1.4117
0.385 -0.131 1.5065
0.388 0.681 1.0775
0.392 0.148 1.8713
0.392 0.413 1.8085
0.393 -0.408 1.3632
0.393 -0.137 1.8177
0.393 0.787 1.1025
0.395 0.646 1.2958
0.4 -0.808 0.82258
0.4 -0.368 1.4675
0.402 -0.286 1.5736
0.403 -0.461 2.0461
0.408 0.203 1.6257
0.409 0.751 1.0589
0.412 0.166 1.6465
0.413 0.316 1.8501
0.413 0.763 0.84683
0.414 0.33 1.8306
0.415 -0.535 1.6571
0.415 0.387 1.2781
0.416 -0.178 1.6031
0.418 -0.986 0.60917
0.421 -0.818 0.64274
0.421 0.101 1.7088
0.422 -0.943 0.84378
0.423 0.932 0.81706
0.424 0.431 1.7737
0.431 -0.456 1.8209
0.434 -0.885 0.8468
0.434 0.461 1.4733
0.436 -0.601 1.2482
0.438 0.286 1.4003
0.443 0.836 0.71
0.447 0.22 1.3029
0.45 -0.448 1.41
0.451 0.558 1.3197
0.454 0.406 1.5704
0.456 -0.587 1.4751
0.456 0.525 1.5009
0.459 0.663 0.94226
0.463 0.248 1.6239
0.465 -0.436 1.7462
0.467 -0.884 0.79775
0.468 -0.408 1.3106
0.469 -0.027 1.4407
0.473 -0.607 1.305
0.473 0.119 1.3163
0.476 -0.49 1.5967
0.476 -0.24 1.6249
0.479 0.216 2.0356
0.483 -0.826 0.84631
0.483 0.865 0.93197
0.486 -0.806 0.83624
0.487 0.017 1.2114
0.492 0.084 1.4608
0.492 0.125 1.7578
0.493 -0.979 0.3294
0.5 -0.155 1.3386
0.503 0.119 1.2396
0.503 0.668 1.0687
0.503 0.682 1.0297
0.506 0.491 1.1157
0.509 -0.005 1.7399
0.517 -0.137 1.4117
0.518 -0.603 1.1882
0.521 -0.343 1.1649
0.521 0.053 1.4735
0.525 -0.02 2.308
0.525 0.046 1.8539
0.53 -0.516 1.3316
0.537 -0.687 1.1529
0.54 -0.673 1.0729
0.541 0.601 1.017
0.546 -0.933 1.0228
0.546 -0.821 0.94811
0.546 0.274 1.5097
0.547 0.341 1.6423
0.547 0.98 0.39208
0.551 0.597 1.3821
0.553 0.799 0.73036
0.554 0.617 1.3485
0.555 0.382 1.4476
0.558 -0.42 1.4801
0.559 0.506 1.297
0.561 -0.25 1.4716
0.561 0.656 1.1513
0.562 -0.581 1.2719
0.564 0.484 0.99089
0.565 0.995 0.54241
0.566 -0.965 0.80624
0.57 -0.726 1.0402
0.571 -0.884 0.80791
0.571 -0.857 0.82603
0.571 -0.21 1.426
0.571 -0.17 1.7513
0.576 -0.398 1.4922
0.577 0.285 1.7478
0.58 0.469 1.2207
0.58 0.753 1.0401
0.582 -0.844 0.97331
0.583 -0.194 1.8493
0.584 -0.202 1.5109
0.585 -0.688 0.90223
0.586 -0.131 1.9825
0.588 -0.775 0.5887
0.592 0.429 1.3637
0.594 0.402 1.0493
0.595 0.598 0.81988
0.597 -0.051 1.3646
0.599 0.669 1.0064
0.602 -0.043 1.8452
0.605 0.668 1.0538
0.614 0.349 1.608
0.619 -0.846 0.70367
0.625 -0.804 0.70779
0.626 -0.684 1.2567
0.626 -0.03 1.5322
0.626 0.685 0.85685
0.627 0.303 1.3099
0.628 -0.701 0.86856
0.629 -0.913 0.71047
0.632 0.229 1.0767
0.632 0.808 0.43615
0.633 0.969 0.6578
0.635 0.286 1.0293
0.636 0.926 0.6143
0.638 0.643 1.059
0.639 -0.135 1.4245
0.645 -0.635 0.73781
0.648 0.248 1.4443
0.65 -0.911 0.92289
0.651 -0.746 1.0908
0.654 -0.35 1.5835
0.657 -0.675 1.0369
0.657 -0.419 1.3842
0.658 -0.958 0.72756
0.658 -0.745 0.76803
0.658 -0.548 1.5494
0.659 0.722 0.90875
0.666 0.902 0.59981
0.668 -0.135 1.6098
0.67 0.358 1.5162
0.672 0.099 1.4644
0.676 -0.932 0.61715
0.679 0.912 0.43797
0.683 -0.59 0.88319
0.685 -0.773 1.0689
0.685 -0.511 1.3104
0.686 0.768 0.7476
0.686 0.78 0.55588
0.687 0.608 1.072
0.688 0.823 0.71167
0.69 -0.617 0.79126
0.69 -0.385 1.4224
0.693 -0.825 0.94848
0.694 -0.114 1.0655
0.695 0.899 0.44453
0.696 0.237 1.5726
0.697 -0.376 1.0281
0.698 0.094 1.0731
0.699 -0.03 1.7243
0.702 0.989 0.2973
0.703 -0.593 1.1193
0.71 0.966 0.29183
0.712 -0.547 1.3367
0.713 0.28 1.1979
0.715 -0.399 1.3268
0.715 0.601 0.99445
0.715 0.793 0.91573
0.716 -0.412 1.3573
0.721 -0.481 1.3988
0.721 -0.452 1.1471
0.728 -0.005 1.1922
0.728 0.529 0.83823
0.73 -0.823 0.48004
0.73 0.058 1.1886
0.734 -0.974 0.29115
0.736 -0.83 0.4199
0.736 0.179 1.2486
0.736 0.966 0.0073039
0.738 0.482 1.0964
0.74 0.173 1.4975
0.741 0.96 0.42074
0.743 -0.21 1.3764
0.745 0.074 1.312
0.747 0.685 0.52444
0.748 -0.389 1.0275
0.748 -0.036 0.82375
0.748 0.4 0.69399
0.749 -0.876 0.57351
0.75 0.504 1.2152
0.752 -0.276 1.1609
0.753 0.288 1.3671
0.754 -0.969 0.39169
0.755 -0.657 0.37163
0.756 -0.997 0.068803
0.758 0.45 1.1551
0.758 0.857 0.73171
0.759 0.743 0.702
0.76 0.412 0.8291
0.761 0.579 0.87733
0.765 0.531 0.86284
0.768 -0.295 0.59133
0.769 -0.534 1.1216
0.77 -0.036 1.41
0.77 0.963 0.48776
0.772 -0.533 1.0663
0.775 -0.522 1.2267
0.776 -0.027 1.2284
0.777 0.482 1.0748
0.78 0.385 0.84422
0.781 -0.41 1.0048
0.782 -0.558 0.9546
0.783 0.575 0.95888
0.784 -0.208 1.1944
0.786 0.68 0.5855
0.787 0.473 0.58676
0.787 0.957 0.21502
0.792 0.382 1.2353
0.794 -0.084 1.1439
0.797 -0.847 0.46886
0.797 -0.177 1.2332
0.801 0.35 1.1802
0.803 0.373 0.87462
0.804 0.228 0.8663
0.805 -0.458 0.76381
0.808 0.137 0.97589
0.81 0.572 0.40199
0.811 0.122 0.89453
0.811 0.66 0.59943
0.813 0.437 0.87269
0.814 0.573 0.62013
0.815 -0.889 0.26127
0.817 0.221 0.93264
0.825 0.589 0.73698
0.826 0.141 0.6775
0.827 0.326 0.88968
0.829 0.744 0.4325
0.832 -0.285 1.1761
0.833 0.563 0.59948
0.837 0.124 0.86123
0.842 -0.264 0.89762
0.842 0.589 0.59013
0.845 -0.038 1.2787
0.846 -0.684 0.65715
0.849 0.701 0.42046
0.851 0.13 0.92112
0.855 0.537 0.15824
0.857 0.291 0.88052
0.86 -0.135 1.0478
0.863 0.733 0.40781
0.864 -0.407 0.76281
0.865 -0.635 0.54351
0.865 -0.174 0.64572
0.867 -0.882 -0.066484
0.867 0.799 0.12142
0.869 0.823 0.20761
0.871 -0.905 0.149
0.874 0.814 0.27164
0.876 0.363 0.71772
0.878 -0.084 0.86783
0.879 -0.432 0.65435
0.881 0.481 0.88683
0.885 -0.978 -0.30409
0.885 0.101 0.29688
0.887 -0.034 0.53907
0.887 0.043 0.61168
0.889 -0.903 -0.16577
0.892 0.781 0.24209
0.895 -0.036 0.59784
0.901 0.859 -0.05752
0.902 -0.205 0.62141
0.903 -0.897 -0.0037094
0.904 0.142 0.68673
0.906 -0.177 0.22326
0.909 -0.452 0.55335
0.91 -0.37 0.4783
0.91 -0.211 0.57865
0.912 -0.686 0.17508
0.912 -0.534 0.1477
0.923 0.399 0.59593
0.924 0.479 0.55194
0.926 0.586 0.51842
0.929 -0.013 0.53835
0.934 0.638 0.0091234
0.935 -0.935 -0.18965
0.937 -0.509 0.53704
0.937 0.005 0.34839
0.937 0.777 -0.19816
0.946 0.696 0.070947
0.95 0.452 0.45772
0.956 0.042 0.35939
0.958 0.149 0.75395
0.959 -0.47 -0.051486
0.96 0.451 0.16214
0.962 0.426 -0.085483
0.966 0.319 0.36356
0.967 0.482 -0.19375
0.968 -0.153 -0.13726
0.975 -0.762 -0.24327
0.979 -0.626 -0.55665
0.979 -0.111 0.57335
0.981 -0.049 0.59343
0.981 0.062 0.32579
0.984 -0.741 -0.23419
0.984 0.005 0.24611
0.986 0.066 0.30085
0.992 -0.955 -0.85963
0.995 -0.696 -0.61814
0.995 -0.439 0.089448
0.996 -0.209 0.12318
0.996 0.855 -0.73554
1 -0.481 -0.37394
