19 19 19 19 19 19 19 19 20 20 13 13 22 22 22 22 22 22 22 11 11 0 0 0 19 19 2 2 2 6 6 4 4 4 4 9 9 9 9 3 3 8 8 8 1 1 12 16 16 23 23 23 23 23 23 23 23 23 7 7 21 21 21 10 10 10 10 10 5 5 5 5 5 5 18 18 18 18 18
20 13 13 13 13 13 22 22 22 22 22 22 22 22 11 11 11 11 0 0 19 19 2 2 14 14 14 9 9 9 3 3 3 3 8 8 8 1 1 12 12 16 16 16 16 21 21 21 21 10 10 10 10 10 10 5 5 5 5 14 14 2 2 2 2 2
20 20 20 13 13 13 13 13 13 13 22 22 22 22 22 11 11 11 11 0 0 19 19 2 14 14 14 9 9 3 3 3 8 1 1 12 12 12 16 16 16 16 21 10 10 10 10 10 10 8 5 5 5 9 9 9 4 4 6
20 20 20 20 20 13 13 13 13 13 22 22 22 22 22 22 22 11 11 11 11 0 0 19 2 2 6 6 4 4 9 9 9 3 3 3 3 8 8 8 1 1 12 12 12 16 16 16 16 16 7 7 21 21 21 10 10 10 10 10 10 10 5 5 18 18 18 2 2 2
20 15 15 15 17 17 17 17 22 22 22 22 22 22 11 0 0 19 2 2 6 14 9 9 3 8 8 8 1 1 12 12 12 10 10 10 10 10 5 5 5 5 5 14 14 2 2 2
19 20 20 13 13 22 22 22 22 22 11 0 0 19 2 4 4 9 3 3 8 8 1 12 12 16 16 23 21 21 10 10 10 5 5 5 5 5 14 6 2 2
20 20 20 13 13 13 22 22 22 22 22 11 11 0 19 2 2 14 14 9 3 3 8 8 1 12 12 16 16 23 7 21 21 10 10 10 5 5 5 5 5 9 14 14 6 6
19 19 20 20 20 13 13 22 22 22 22 22 22 11 11 11 11 0 0 19 2 6 14 14 9 9 3 3 8 8 8 1 1 12 16 16 23 23 23 7 21 21 10 10 10 10 10 5 5 5 5 9 14 14 4 4
20 20 20 15 15 13 13 13 13 22 22 22 22 22 11 11 11 11 0 19 19 6 4 9 9 3 3 8 8 1 1 12 12 16 16 16 21 21 10 10 10 10 10 5 5 5 5 14 14 4 6 6
20 20 20 20 20 20 15 13 13 13 13 13 13 13 22 22 22 22 22 22 22 22 11 11 11 11 11 0 0 0 19 19 19 2 2 2 6 6 6 4 4 4 4 9 9 9 9 9 3 3 3 3 3 8 8 8 8 8 1 1 1 12 12 16 16 16 16 16 23 23 7 7 21 21 10 10 10 10 10 10 10 10 5 18 18 14
0 0 0 0 0 0 0 20 20 20 20 20 20 13 13 13 13 13 13 13 22 22 22 22 22 22 22 11 11 11 11 0 0 0 19 19 19 2 2 2 6 6 6 6 4 4 4 4 4 4 9 9 9 9 9 9 3 3 3 3 3 3 8 8 8 8 1 1 1 1 12 12 12 16 16 16 16 23 23 23 23 23 7 7 7 7 7 17 17 21 21 21 21 10 10 10 10 10 10 10 10 1 10 10 10 10 10 5 5 5 18 18 18 18 18 18 18 18 18 18 18 18
19 19 19 19 19 20 20 20 20 20 20 20 20 15 15 13 13 13 13 13 13 13 22 22 22 22 22 22 22 22 22 22 22 22 22 11 11 11 11 11 11 11 11 11 0 0 0 0 0 0 19 19 19 19 19 2 2 2 2 6 6 6 4 4 4 4 4 4 9 9 9 9 9 9 9 3 3 3 3 3 3 3 8 8 8 8 1 1 1 1 12 12 12 12 16 16 16 16 16 23 23 23 23 23 7 7 21 21 21 21 21 10 10 10 10 10 10 1 1 8 8 10 10 10 10 10 10 10 10 5 5 5 18 18 18 18 14 14
22 22 22 22 22 22 22 11 11 11 11 11 0 0 0 19 19 19 2 2 2 6 4 4 4 9 9 9 9 3 3 3 8 8 1 1 1 12 12 12 16 16 16 16 7 7 7 21 21 21 15 15 15 10 10 10 10 10 5 5 18 18 18 18 18 18
13 13 13 13 13 13 13 13 13 22 22 22 22 22 22 22 22 22 22 22 22 22 11 11 11 11 11 11 0 0 0 0 19 19 19 19 19 2 2 2 2 2 6 6 6 4 4 4 4 4 9 9 9 9 9 9 3 3 3 3 3 3 8 8 8 8 8 8 1 1 1 1 12 12 12 12 16 16 16 16 16 16 23 23 23 7 7 7 21 21 21 21 21 21 21 10 10 10 10 5 5 5 5 5 5 5 5 5 18 18 18 18 18 18 18 18 2 2 2 2 2
22 22 22 22 22 22 22 22 22 22 22 22 22 22 22 22 22 11 11 11 11 11 11 11 11 11 11 11 0 0 0 0 0 0 0 0 0 0 0 19 19 19 19 19 19 2 2 2 2 2 2 2 2 2 2 2 2 6 6 6 6 6 4 4 14 14 14 14 14 14 14 14 14 9 9 9 9 9 9 9 9 9 9 9 9 3 3 3 3 3 3 3 3 3 3 3 3 3 8 8 8 8 8 8 8 8 8 8 1 1 1 1 1 1 1 1 12 12 12 12 12 12 12 16 16 16 16 16 23 23 23 23 23 7 7 7 7 7 7 7 7 7 7 7 7 7 7 21 21 21 21 21 21 21 10 10 10 10 10 10 10 10 10 10 10 10 10 10 10 18 18 18 18 18 18 18 18 18
0 19 19 20 13 13 22 11 19 19 2 6 4 9 3 8 8 12 16 23 23 7 7 21 21 10 10 5 5 18 14 14 14
13 22 22 22 11 11 0 0 19 2 2 4 4 9 9 3 8 8 8 1 12 16 23 7 7 7 21 21 10 10 10 10 5 18 18 2
17 17 17 17 22 22 22 22 22 22 22 22 22 22 22 22 22 11 11 11 11 11 0 0 0 0 19 19 2 2 2 2 6 6 4 14 14 9 9 9 3 3 3 3 8 8 8 8 1 1 1 1 1 1 1 12 12 12 12 10 10 10 10 10 1 1 1 1 10 10 10 5 5 5 5 18 18 18 18 18 18 18 18
20 20 20 20 20 20 13 13 13 13 13 17 17 17 17 22 22 22 22 22 22 22 22 22 22 22 22 22 22 11 11 11 11 11 11 11 0 0 0 0 0 19 19 19 19 2 2 2 2 2 6 6 6 6 6 4 4 4 4 4 9 9 9 9 9 9 9 3 3 3 3 3 8 8 8 8 8 8 1 1 1 1 1 1 12 12 12 12 12 12 16 16 16 16 16 16 16 16 21 21 21 21 21 10 10 10 10 10 10 5 5 5 5 5 5 5 18 18 18 18 18 18
0 0 19 19 19 19 19 19 19 20 20 20 20 13 13 13 13 22 22 22 22 22 22 22 11 11 11 0 0 0 19 19 19 2 2 2 2 6 6 6 14 4 14 14 9 9 9 9 3 3 3 3 3 3 8 8 8 8 8 1 1 1 12 16 16 16 23 23 23 23 23 7 7 7 7 7 7 21 21 21 21 10 10 10 10 5 5 5 5 5 5 18 18 18
11 11 11 0 20 20 20 20 20 20 20 20 20 20 20 15 15 15 15 15 13 13 17 17 17 22 22 22 22 22 22 22 22 22 11 11 11 11 0 0 19 19 2 2 2 6 6 6 4 4 4 4 9 9 9 3 3 8 8 8 1 1 12 12 12 16 16 16 16 16 16 23 16 16 16 16 12 12 12 10 10 10 10 10 10 10 5 5 5 5 5 5 5 5 5 5 5 14 14 14 14 14 14 14 14
20 20 20 20 20 15 15 15 15 17 17 17 22 22 22 22 22 22 22 22 11 11 0 0 0 19 2 2 6 6 4 9 9 3 3 8 8 8 8 8 1 1 1 12 12 12 16 21 21 21 21 10 10 10 5 5 5 18 18 18 18 14 2
20 20 20 20 20 20 15 15 15 15 15 17 17 17 17 17 17 17 22 22 22 22 22 22 22 22 11 11 11 0 0 0 19 19 2 2 6 6 4 4 4 9 9 9 3 3 3 3 8 8 8 8 1 1 1 1 12 12 12 12 12 21 21 21 10 10 10 10 10 10 10 5 10 18 18 18 18 19 19 19
13 20 13 13 13 13 13 13 13 13 17 22 22 22 22 22 22 22 22 22 11 11 11 0 0 0 19 19 19 2 2 6 6 4 4 4 9 9 3 3 3 8 8 8 8 1 1 1 1 12 12 12 16 16 16 16 21 21 21 21 10 10 10 10 10 5 5 5 5 14 14 14 14 14 14
11 11 11 20 13 13 13 13 13 22 22 22 22 22 22 22 22 22 22 11 11 11 11 0 0 19 19 19 2 2 2 6 6 6 4 4 9 9 3 3 3 3 8 8 8 8 8 1 1 1 1 1 12 12 12 12 12 21 21 21 21 21 21 10 10 10 10 10 10 5 5 5 5 5 14 14 14 14 14
20 20 20 20 20 20 20 13 13 13 22 22 22 11 11 0 0 0 19 2 6 4 4 9 9 3 3 8 8 1 1 12 12 16 16 23 23 7 7 21 21 21 10 10 10 10 10 10 18 18 18 18 18 18
20 20 20 20 20 15 15 15 15 15 17 17 17 13 13 13 13 13 11 11 11 0 0 19 19 2 2 2 6 4 4 4 4 9 9 9 3 3 8 8 1 1 1 12 12 16 16 16 16 23 23 7 7 7 7 21 21 21 21 10 10 10 18 18 18 18 18 18 2
20 20 20 20 20 20 20 15 15 15 13 17 17 17 17 17 17 17 22 22 22 22 22 22 22 11 11 0 0 0 19 19 2 2 2 6 6 4 4 4 9 9 9 3 3 3 8 8 8 8 8 1 1 1 1 1 12 12 12 12 12 12 10 10 10 10 10 10 5 5 5 18 18 18 18 18
19 19 19 19 19 19 19 18 18 18 18 15 15 15 15 15 13 13 13 13 13 13 13 11 11 11 0 0 0 0 0 19 19 2 2 2 6 6 4 4 4 4 9 9 9 3 3 8 8 8 1 1 1 1 12 16 16 16 23 23 23 23 23 23 23 23 7 7 7 7 21 21 21 21 10 10 10 5 5 5 5 5 10 10 10 10 10 5 5 5 18 18 14 14 14 14 14 4
20 20 20 20 20 20 15 15 15 15 13 13 13 13 13 13 13 22 22 11 11 11 11 11 0 0 0 0 0 19 19 19 19 19 2 2 2 2 2 2 2 6 6 6 6 6 4 4 4 4 4 4 4 4 9 9 9 9 9 9 3 3 3 3 3 8 8 8 8 8 1 1 1 1 12 12 12 12 12 16 16 16 16 23 23 23 23 23 23 23 23 7 7 7 7 7 7 21 21 21 21 21 21 21 21 10 10 10 10 10 10 10 10 18 18 18 18 18 18 18 19
20 20 20 20 20 20 15 15 15 15 13 13 17 13 22 22 22 22 22 22 22 11 11 11 11 11 11 0 0 0 0 0 19 19 19 19 2 2 2 2 2 6 6 6 6 6 4 4 4 4 4 9 9 9 9 9 9 3 3 3 3 3 3 8 8 8 8 8 1 1 1 1 1 12 12 16 16 16 16 23 23 23 23 23 23 7 7 7 7 7 21 21 21 21 10 10 10 10 10 10 10 10 10 18 18 18 18 18 18 18 18
11 20 20 20 20 15 15 15 15 15 15 17 17 17 17 17 17 17 17 22 22 22 22 22 22 13 11 11 11 20 0 0 0 0 0 19 19 19 19 2 2 2 2 6 6 6 4 4 4 4 9 9 9 9 3 3 3 3 8 8 8 8 1 1 1 1 1 12 12 16 16 16 16 16 16 16 7 21 21 10 10 10 10 10 5 5 5 5 5 18 18 18 18 18
11 20 13 13 13 13 13 13 13 13 22 22 22 22 22 22 22 22 22 22 11 11 11 0 0 19 19 2 2 2 6 6 6 4 4 4 9 9 3 3 3 8 8 8 1 1 1 12 12 12 12 16 16 16 12 21 10 10 10 10 10 10 5 5 5 5 5 5 5 5 18 14 14 14 14
20 20 20 20 20 19 19 20 18 18 18 15 15 15 15 15 17 17 17 17 22 22 22 22 22 22 22 22 11 11 0 0 0 19 19 2 2 2 6 4 4 9 9 3 3 3 3 8 8 8 8 1 1 1 1 12 12 12 16 16 16 16 21 21 21 21 10 10 10 10 10 10 8 5 5 5 5 5 18 18 18 2 2 2 2 2
20 20 20 20 20 20 20 20 13 13 13 13 13 13 13 11 11 11 11 11 0 0 0 0 0 19 19 19 19 2 2 6 6 6 4 4 4 4 4 9 9 9 9 9 3 3 3 3 8 8 1 1 1 12 12 16 16 16 23 23 23 23 23 7 7 7 7 7 21 21 21 21 10 10 10 10 10 10 10 10 10 18 18 18 18 18
11 11 20 20 19 19 19 2 2 18 18 18 18 18 18 15 15 15 15 15 17 17 17 17 22 22 22 22 22 22 22 22 22 11 11 11 11 0 0 0 19 19 19 19 2 2 2 2 6 6 6 6 4 4 4 4 4 4 9 9 9 9 9 3 3 3 3 8 8 8 8 8 1 1 1 1 12 12 12 16 16 23 23 23 23 23 23 23 7 21 21 21 21 10 10 10 10 10 10 10 10 5 5 5 5 5 5 5 5 18 18 18
20 20 20 15 15 15 15 15 15 17 17 17 17 22 22 22 22 22 22 11 11 11 0 0 19 19 2 2 6 6 4 4 9 9 9 3 3 3 8 8 1 1 12 12 12 16 16 16 7 7 21 21 21 21 10 10 10 10 10 10 5 5 5 5 14 14 2 2 2 2
20 20 20 20 20 20 20 20 15 15 15 15 15 15 13 13 13 13 22 22 22 22 22 22 22 11 11 11 0 0 0 0 0 19 2 2 2 6 4 4 4 4 9 9 3 3 3 3 3 8 8 8 1 1 1 12 12 12 16 16 16 16 7 7 7 21 21 21 21 21 10 10 10 10 10 5 5 5 5 18 18 18 18
20 20 20 20 20 20 20 20 15 15 13 13 13 13 22 22 22 22 11 11 11 11 0 0 19 19 2 2 6 4 4 9 9 3 3 3 8 8 8 8 1 1 12 12 16 16 7 7 7 7 21 21 21 21 10 10 10 10 10 5 5 5 18 18 18
20 20 20 20 20 20 20 20 20 20 15 15 13 13 13 13 13 22 22 22 22 22 22 22 11 11 11 0 0 0 19 19 19 2 2 6 6 4 4 4 9 9 9 3 3 3 8 8 8 8 8 1 1 12 12 12 16 16 23 23 23 7 7 7 21 21 21 21 10 10 10 10 10 5 5 5 5 5 5 14 18 18
20 20 20 20 20 20 20 20 20 15 15 13 13 13 22 22 22 11 11 11 11 0 0 19 2 6 6 4 4 9 9 3 3 8 8 8 1 1 12 12 16 16 23 23 7 7 21 21 21 21 10 10 10 10 5 5 5 5 5 14 14
0 19 20 20 20 20 20 20 13 13 13 22 22 22 22 11 11 0 0 0 19 2 2 6 4 4 9 9 3 3 3 8 8 8 1 12 12 16 16 16 23 7 7 7 21 21 21 21 21 10 10 10 10 5 5 5 5 5 14 14
20 20 20 20 20 20 20 20 20 15 15 15 15 15 13 13 13 13 22 22 22 22 11 11 11 0 0 0 19 2 2 2 6 6 4 4 9 9 9 3 3 8 8 8 8 1 1 1 12 16 23 23 23 7 7 7 7 21 21 21 10 10 10 10 5 5 5 5 5 5 5 14 14 14
11 20 20 20 20 20 20 15 15 13 13 13 22 22 11 11 0 0 0 19 2 6 6 4 4 9 9 3 3 8 1 1 12 12 16 23 23 7 7 7 21 21 21 10 10 10 10 10 10 5 5 5 18 14 14
15 17 17 17 17 17 17 22 22 22 22 11 11 0 19 19 2 2 6 4 4 9 9 3 3 3 8 8 1 1 12 12 16 16 7 21 21 10 10 10 5 5 5 5 18 18 18 19 19 19 0 0
20 20 20 20 20 20 20 20 20 20 15 15 15 15 15 15 13 17 17 17 13 22 22 22 22 22 22 22 11 11 11 11 0 0 0 19 19 2 2 2 2 6 6 4 4 4 4 9 9 9 3 3 3 3 8 8 8 8 8 1 1 12 12 12 16 16 16 23 23 7 7 7 7 21 21 21 10 10 10 10 5 5 5 5 5 5 5 18 18 18
11 11 11 11 20 20 20 20 20 13 13 13 22 22 22 22 11 11 0 19 2 2 4 9 9 3 3 8 8 1 12 16 16 16 21 21 10 10 10 8 8 5 5 5 5 14
19 19 19 19 20 20 20 13 13 11 11 11 0 19 2 6 4 9 3 3 8 1 1 16 23 23 7 7 7 21 21 10 10 10 10 5 5 18 18
15 15 15 15 15 15 21 21 21 21 21 21 21 17 17 17 17 17 17 17 17 22 22 22 22 22 22 22 22 22 22 22 11 11 11 11 11 11 11 0 0 0 0 0 0 19 19 2 2 2 2 2 2 6 6 4 14 4 14 14 9 9 9 9 9 9 3 3 3 3 3 3 3 8 8 8 8 8 8 8 8 1 1 1 1 1 1 1 1 12 12 12 12 12 16 21 21 21 21 21 21 21 21 21 10 10 10 10 10 10 5 5 5 5 5 5 18 18 18 18 18 2 2 2 2 2
20 20 13 13 13 13 13 13 22 22 22 22 22 22 22 22 22 22 22 22 11 11 11 11 11 11 0 0 0 0 0 19 19 19 19 2 2 2 2 2 2 6 6 6 6 6 4 4 4 4 14 14 14 14 9 9 9 9 9 9 9 3 3 3 3 3 3 3 3 8 8 8 8 8 8 8 1 1 1 1 1 1 12 12 12 12 12 16 16 16 16 23 23 23 23 23 23 23 7 7 7 7 7 7 7 7 7 21 21 21 21 21 21 10 10 10 10 10 10 10 10 10 10 10 5 5 5 5 5 18 18 18 18 18 14 14 14 14 14 2 2 2 2 2 2 2 2
20 20 20 13 13 15 13 15 17 17 17 17 22 22 22 22 11 11 0 0 0 19 19 2 2 6 4 9 9 3 3 3 8 8 1 1 1 12 12 12 16 16 21 21 21 10 10 10 10 10 5 5 5 5 5 18 18 2 2
20 20 20 20 15 15 15 15 15 15 17 17 17 22 22 22 22 22 22 22 22 22 22 11 11 11 0 0 0 0 0 19 19 19 2 2 2 6 6 6 4 4 4 9 9 9 9 3 3 3 8 8 8 8 1 1 1 1 12 12 12 16 16 16 16 16 16 16 21 21 21 21 21 10 10 10 10 10 10 10 5 5 5 18 18 18 18 18 18 18 18
20 20 20 20 20 20 20 20 15 15 15 15 15 15 15 21 21 21 21 17 17 17 17 17 17 17 17 17 22 22 22 22 22 22 22 22 22 11 11 11 11 0 0 0 0 0 19 19 19 19 2 2 2 2 6 6 4 4 4 4 4 4 9 9 9 9 9 3 3 3 3 8 8 8 8 8 8 1 1 1 1 1 12 12 12 12 12 16 16 16 16 16 16 16 21 21 21 21 21 21 21 10 10 10 10 10 5 5 5 5 18 18 18 14 2 2 2 2 2 2 2 6
20 20 20 20 20 20 20 20 13 13 13 13 22 22 22 22 22 11 11 11 0 0 0 19 19 2 2 2 6 6 4 4 4 4 9 9 9 3 3 3 8 8 8 1 1 12 12 12 16 16 16 23 23 7 7 7 21 21 21 21 10 10 10 10 10 10 5 5 18 18 18 18 18
20 20 20 20 20 20 20 20 15 15 13 13 13 13 22 22 22 22 22 22 11 11 11 0 0 19 19 2 2 4 4 9 9 9 3 3 8 8 8 8 1 1 12 12 16 16 16 16 21 21 21 10 10 10 10 10 5 5 5 5 5 14 14 14 14
20 19 19 19 19 19 20 15 15 15 15 17 17 17 22 22 22 22 22 22 22 22 11 11 11 0 0 19 2 2 2 6 14 9 9 9 3 3 3 8 8 8 1 1 1 1 12 12 12 12 12 21 21 21 10 10 10 10 5 5 5 8 5 5 5 5 18 18 18 18 2 2
20 20 20 20 20 13 13 13 13 13 22 22 22 22 22 22 22 22 22 22 11 11 11 11 11 0 0 0 19 19 19 2 2 2 6 6 4 4 4 4 9 9 9 3 3 3 3 8 8 8 8 8 1 1 1 1 12 12 12 16 16 16 7 7 21 21 21 21 10 10 10 10 10 10 5 5 5 5 5 5 5 18 18 18
0 20 20 20 20 13 13 22 22 22 22 22 22 22 11 11 0 0 19 19 2 2 6 4 4 9 9 9 3 3 8 8 8 1 1 12 12 12 16 16 16 21 21 21 10 10 10 10 5 5 5 5 5 5 14 14
0 20 20 20 20 13 22 22 22 22 22 11 11 0 0 19 2 2 6 4 4 9 3 3 3 8 8 1 12 16 16 23 7 7 21 21 21 10 10 10 10 10 5 5 5 14 14 14
20 20 20 20 20 20 13 13 13 22 22 22 22 22 22 22 22 11 11 0 0 0 19 19 2 2 2 6 6 4 4 9 9 9 3 3 3 8 8 8 1 1 1 12 12 12 16 16 16 21 21 21 21 10 10 10 10 10 10 5 5 18 18 18
19 19 19 19 20 20 20 20 13 13 22 22 22 22 11 11 0 19 19 2 6 4 4 9 9 3 8 8 8 1 12 16 16 23 23 7 7 21 21 21 21 10 10 10 5 5 5 14 14 14
0 20 20 20 20 20 13 13 13 22 22 22 22 22 22 22 11 11 0 19 19 2 2 6 4 4 9 9 3 3 8 8 8 1 1 12 12 12 12 12 12 10 10 10 10 10 10 10 5 5 5 5 14
0 19 20 20 13 13 22 22 22 22 22 11 11 11 0 19 19 2 6 4 4 4 9 3 3 3 8 1 1 12 12 16 16 23 7 21 21 21 21 10 10 10 10 10 5 5 5 5 14
20 20 20 20 13 13 13 13 13 22 22 22 22 22 22 22 22 11 11 0 0 0 19 2 2 2 6 6 4 4 4 9 9 3 3 3 8 8 8 8 1 1 1 12 12 16 16 16 16 23 7 21 21 21 21 10 10 10 10 10 10 5 5 5 18 18 18 18 18 2
20 20 20 20 20 20 20 15 13 13 13 22 22 22 22 22 11 11 0 0 19 19 2 6 4 4 4 9 9 3 3 8 1 1 12 12 16 16 16 16 12 12 12 10 10 10 10 10 5 5 5
0 0 20 20 20 20 13 13 13 13 13 22 22 22 22 22 22 22 11 11 11 0 0 0 19 19 2 2 6 4 4 4 9 9 3 3 3 8 8 8 1 1 12 12 12 16 16 16 16 7 7 21 21 21 21 10 10 10 10 5 5 5 5 5 5 5 18 18 18
13 13 22 22 11 19 6 9 3 1 16 16 21 21 10 10 10 10 18 18 18 2 2
13 13 13 11 11 11 11 11 0 0 0 0 0 19 19 19 19 2 2 2 2 2 6 6 6 4 4 4 14 14 9 9 9 3 3 3 3 8 8 8 1 1 1 12 12 12 16 16 16 23 23 23 23 23 23 23 7 7 7 7 7 7 7 7 7 21 21 21 21 21 10 10 10 10 10 10 10 10 10 10 10 18 18 18 18 18 14 2 2 6 6 6 6 6 6 6
15 15 15 17 17 17 17 17 17 22 22 22 22 22 22 22 22 22 11 11 11 20 20 19 19 19 19 2 2 14 14 14 14 9 9 9 9 3 3 3 3 8 8 8 8 1 1 1 12 12 16 16 16 16 23 23 7 7 7 21 21 10 10 10 10 10 10 5 5 5 5 5 18 18 18 18 18 2 2 2 2 2 2 2 2 2 2 2
