19 19 19 19 19 0 20 20 20 13 13 13 13 13 17 17 17 15 15 15 15 21 15 15 21 21 17 17 7 7 7 7 23 23 23 23 23 16 16 16 16 12 1 1 1 8 3 3 3 5 5 5 18 18 18 18 19 19 19 2 6 6 6 4 4 4 4 4 4 9 14 14 14 14
14 14 18 18 18 18 18 18 18 2 2 2 2 2 2 2 2 2 6 6 6 6 6 6 14 14 14 14 14 18 18 18 18 18 18 14 14 14 5 9 3 3 3 3 3 8 8 8 8 8 8 8 1 1 1 1 1 1 12 12 12 12 16 16 16 16 23 7 7 7 7 7 7 17 17 17 17 17 17 17 17 15 17 17 17 17 17 17 17 17 13 22 22 22 22 22 22 11 11 11 11 11 11 0 0 0
2 2 19 19 0 0 0 0 0 11 11 11 22 22 22 22 13 13 13 15 15 15 15 15 15 15 15 15 15 15 17 17 7 7 7 7 23 23 23 16 16 16 16 12 1 1 8 8 8 8 3 3 9 9 4 4 4 4 4 14 14 14 14 14 5 5 5 3 3 3 3
2 2 2 2 19 0 0 0 11 11 11 22 22 13 13 13 15 15 15 18 18 18 18 18 15 15 15 15 13 17 17 17 17 7 7 7 23 23 23 16 16 16 12 1 1 1 8 8 8 3 3 3 9 9 4 4 4 14 14 14 5 5 5 5 3
19 19 19 19 0 0 0 11 11 22 22 13 13 15 15 15 15 18 18 18 15 15 15 17 17 7 7 7 23 23 16 16 12 1 1 8 8 8 3 9 9 9 14 14 14 14 14 5 3 3
11 0 11 11 11 11 11 22 22 22 22 13 13 13 13 13 13 17 17 17 17 7 7 23 23 23 16 16 12 12 12 1 1 1 8 8 8 8 8 3 3 3 9 9 14 5 18 18 18 18 18 18 15 20 20 19 19 19 2 2 2 6 6 4 4 14 14 14 14 14 14 14 14 14 14
20 0 0 11 11 22 22 17 17 17 17 15 15 21 7 7 23 23 23 16 16 12 1 1 8 8 3 3 5 5 14 5 18 18 18 18 18 18 19 19 2 2 2 6 6 4 4 14 14 14 5 5
19 19 19 19 0 11 11 22 22 22 17 17 17 17 15 17 7 7 7 23 23 23 16 12 12 1 8 8 8 5 5 5 18 18 15 15 20 19 19 2 2 6 6 4 4 4 9 9 9 14 5 5 5 5 5 5
2 2 19 19 0 0 0 11 11 11 11 22 22 22 22 13 13 15 15 15 15 15 17 17 17 17 7 7 7 7 23 23 16 16 12 12 12 1 1 1 1 8 8 8 8 5 5 5 10 10 15 18 15 19 19 19 2 2 2 6 6 4 4 4 4 9 9 9 9 9 9 5 5 5 5 5 5 5 5
19 19 19 0 0 11 11 11 22 22 22 22 17 17 15 15 21 21 17 17 7 7 7 23 23 23 16 12 12 1 1 1 8 8 8 3 3 5 5 5 18 18 18 18 19 19 2 2 2 6 6 6 4 4 4 14 14 14 14 5 5 5 5
18 18 18 19 19 19 19 19 19 19 19 2 2 2 2 2 2 6 6 6 6 6 4 4 4 14 14 14 14 14 14 14 18 18 18 18 18 18 15 18 18 18 18 18 18 14 14 14 14 9 9 9 3 3 3 8 8 8 8 8 1 1 1 1 1 1 12 12 12 16 16 16 23 23 23 23 7 7 7 17 17 17 17 21 21 21 17 17 17 17 17 17 22 22 22 22 22 22 11 11 11 11 20 20 20
18 18 18 18 18 19 19 19 19 19 19 2 2 2 2 2 6 6 6 6 6 6 6 6 14 14 14 18 18 18 18 18 18 18 18 18 18 18 18 18 18 18 18 18 14 5 5 9 3 3 3 3 3 3 3 8 8 8 8 8 8 1 1 1 1 12 12 16 16 16 23 23 23 23 7 7 7 7 7 7 7 7 17 17 21 21 21 21 17 17 17 17 17 17 22 22 22 22 11 11 11 11 11 11 0 0 0 0
18 18 18 18 18 18 18 18 18 18 18 18 18 19 19 19 19 19 19 19 19 2 2 2 2 2 2 2 2 2 2 2 6 6 6 6 6 6 6 6 4 14 14 14 14 14 14 14 14 14 18 18 18 18 18 18 18 18 18 18 18 18 18 18 14 14 5 5 5 3 3 3 3 3 3 3 8 8 8 8 8 8 8 8 1 1 1 1 1 1 12 12 12 12 16 16 16 16 16 23 23 23 23 23 7 7 7 7 7 7 21 21 21 21 21 21 21 21 7 7 7 7 7 17 17 17 17 17 17 22 22 22 22 22 22 22 22 22 22 22 11 11 11 11 11 13 13 13
0 0 0 11 11 11 11 11 22 22 22 22 22 22 17 17 17 17 17 17 15 15 15 15 15 15 15 15 15 21 21 21 7 7 7 7 7 23 23 23 23 23 23 23 23 16 16 16 12 12 12 1 1 1 1 8 8 8 8 8 3 3 3 3 3 9 9 9 9 14 14 14 14 14 18 18 18 14 14 14 14 14 14 14 4 4 6 6 6 6 6 2 2 2 2 2 2 19 19 19 19 19 19 19 2 2 2
0 0 0 11 11 11 11 11 11 11 11 11 11 11 11 22 22 22 22 22 22 22 13 13 13 13 13 13 13 13 15 15 15 15 17 17 17 17 17 17 17 17 17 17 7 7 7 7 7 7 7 7 23 23 23 23 23 16 16 16 16 16 16 16 12 12 12 12 12 12 12 12 12 1 1 1 1 1 1 1 1 1 1 1 8 8 8 8 8 8 8 8 8 8 3 3 3 3 3 3 3 9 9 9 9 9 14 14 14 14 14 14 14 18 18 18 18 18 18 18 18 18 18 19 19 19 19 19 19 2 2 2 2 2 2 2 2 2 6 6 6 6 6 6 6 4 4 4 4 4 4 14 9 14 14 14 14 14 14 14
11 11 11 22 22 17 15 15 21 21 21 17 7 23 23 16 12 1 1 8 3 3 3 5 5 18 18 14 4 6 6 2 19 19 19 18 18 14 14 14 14
0 0 11 11 11 11 22 22 13 17 15 15 15 15 13 13 13 13 17 17 17 7 7 23 23 16 12 12 1 1 1 1 8 8 8 8 8 3 3 3 5 5 5 18 18 19 2 2 6 6 6 6 4 14 9 5
0 0 0 0 0 0 0 0 11 11 11 11 11 11 11 11 11 11 22 22 22 22 13 13 13 13 13 13 13 13 13 13 15 15 15 15 15 15 15 15 15 15 17 17 17 17 17 17 17 17 17 7 7 7 7 7 7 7 7 7 7 23 23 16 16 16 16 16 16 16 12 12 12 12 12 12 12 12 1 1 1 1 1 1 1 1 1 8 8 8 8 8 8 8 8 8 8 3 3 3 3 3 3 3 3 3 9 9 9 9 9 9 9 9 9 9 9 9 9 14 14 14 14 18 18 18 18 18 18 19 19 19 19 19 19 19 2 2 2 2 6 6 6 6 4 4 4 9 9 9 9 5 5 5 5 5
0 0 0 0 0 11 11 11 11 11 11 11 11 11 22 22 22 22 22 22 22 22 22 17 17 17 17 17 17 17 17 15 15 15 15 15 15 15 15 15 15 15 15 21 21 21 21 21 21 21 21 17 7 7 7 7 7 7 7 7 23 23 23 16 16 16 16 16 12 12 12 12 12 12 1 1 1 1 1 1 1 1 8 8 8 8 8 8 8 8 8 3 3 3 3 3 3 3 9 9 5 14 14 14 14 14 14 14 4 4 4 6 6 6 6 6 6 6 6 6 2 2 2 2 2 2 2 2 18 18 18 18 18 14 14 14 14 9 9 9 9
19 19 19 19 19 19 0 0 0 11 11 11 11 11 22 22 22 22 22 22 17 17 17 17 17 15 15 15 15 15 15 15 15 15 15 15 21 17 17 17 17 7 7 7 7 7 7 23 23 23 23 23 23 16 16 16 16 12 12 12 12 1 1 1 1 1 8 8 8 8 8 8 3 3 3 3 9 9 14 14 14 14 14 14 14 14 14 2 2 2 2 2 2 2 6 6 6 6 6 6 6 6 4 4 4 14 14 14 14 14 14 14
0 0 0 0 11 11 11 11 11 22 22 22 22 17 17 17 17 17 17 17 15 15 15 15 15 15 17 17 17 7 7 7 7 7 23 23 23 23 23 16 16 16 16 16 16 12 12 12 12 1 1 1 8 8 8 8 3 3 3 5 5 5 5 5 5 5 5 10 10 18 18 18 18 18 18 19 19 19 19 2 2 2 2 6 6 6 6 6 4 4 4 4 4 9 9 9 14 5 5 5 18 18 18 18
19 0 0 0 0 0 0 11 11 11 11 11 11 13 13 13 13 13 13 13 15 15 15 15 15 15 15 15 15 15 15 15 15 15 17 17 17 17 17 17 7 7 7 7 23 23 23 23 16 16 16 12 12 12 1 1 1 1 8 8 3 3 3 9 9 9 4 4 4 4 6 6 6 6 6 6 6 2 2 2 18 18 18 18 5 5 5 5 3 3 3 3
0 0 0 0 0 0 11 11 11 11 11 11 11 22 22 22 22 22 22 22 13 13 17 13 15 15 15 15 15 15 15 15 15 15 15 15 17 17 17 17 17 17 7 7 7 7 7 23 23 23 16 16 16 16 12 12 12 1 1 1 1 1 8 8 8 8 8 8 8 3 3 3 3 9 9 9 9 14 14 4 4 6 6 6 6 6 2 2 2 2 2 2 2 2 19 18 18 18 18 18 5 5 5 5 5 5 5 3 3 9 9 9 9
0 0 0 0 0 11 11 11 11 11 11 11 11 22 22 22 22 22 22 22 22 22 22 17 17 17 17 17 17 17 17 17 21 21 21 15 15 15 21 21 21 21 21 21 21 7 7 7 7 7 7 7 23 23 23 23 23 23 16 16 16 16 16 16 16 12 12 12 12 12 12 1 1 1 1 1 1 1 1 8 8 8 8 8 8 8 8 3 3 3 3 3 3 3 9 9 9 14 14 14 14 14 14 14 18 18 18 18 18 18 18 18 18 19 19 19 19 19 19 19 19 2 2 2 2 2 2 6 6 6 6 6 6 4 4 4 4 4 9 9 9 9 9 14 14 14 14 14 18 18 18 18 18 18 18 18 18 18 19
0 0 0 0 0 0 0 0 11 11 11 11 11 11 11 22 22 22 22 22 13 13 13 13 15 15 15 15 15 15 15 15 15 17 17 17 17 17 17 17 17 17 7 7 7 7 7 7 23 23 23 16 16 16 16 12 12 12 12 1 1 1 1 1 1 8 8 8 8 8 8 8 8 8 3 3 3 3 3 3 3 3 5 5 5 5 5 5 5 18 18 18 18 18 18 18 18 18 2 2 2 2 2 6 6 6 6 6 4 4 4 9 9 9 3 3 3 3
0 0 0 0 0 11 11 11 11 22 22 13 13 17 17 15 15 15 21 21 21 21 15 15 17 17 17 17 7 7 7 23 16 16 16 12 12 1 1 8 8 8 3 9 9 4 4 6 6 6 6 2 2 2 18 18 18 18 18 5 5 5 3 3 3 3 3 3
20 20 20 20 11 11 11 11 22 22 22 17 17 17 17 17 17 17 17 21 21 21 21 21 21 21 21 21 21 21 17 17 17 7 7 7 7 7 23 23 23 23 23 23 16 16 16 16 12 12 12 1 1 1 1 8 8 8 8 3 3 3 9 9 9 9 9 14 14 14 14 14 14 14 14 14 14 18 18 18 18 18 18 18 18 19 19 19 19 19 19 19 2 2 2 2 2 6 6 6 6 4 4 14 14 14 9 9 9
0 0 0 0 0 0 0 0 0 11 11 11 11 11 11 11 22 22 22 22 22 22 13 17 13 13 13 15 15 15 15 15 15 15 15 15 15 15 15 17 17 17 17 7 7 7 7 7 7 23 23 16 16 16 16 16 12 12 12 1 1 1 1 1 8 8 8 8 8 3 3 3 3 9 9 9 9 9 4 4 4 4 6 6 6 6 2 2 2 18 18 18 18 18 18 18 18 5 5 5 5 5 5 5 5 3 3 3 3 3 3
19 19 0 0 0 0 0 0 0 11 11 11 11 11 11 11 22 22 22 22 22 22 22 13 13 13 13 13 15 15 15 15 15 15 15 15 15 15 15 17 17 17 17 17 7 7 7 7 7 23 7 23 23 23 16 16 16 12 12 12 1 1 1 1 1 1 1 8 8 8 8 8 8 8 8 8 3 3 5 5 5 5 5 5 5 5 5 9 9 9 9 9 4 4 4 4 4 4 6 6 6 6 6 2 2 2 18 18 18 18 18 18 18 5 5 5
19 19 19 19 19 19 19 19 0 0 0 0 0 0 11 11 11 11 11 22 22 22 22 22 22 22 22 22 17 17 17 17 17 17 17 15 15 15 15 15 15 21 21 21 21 21 21 7 7 7 7 23 23 16 16 16 16 12 12 12 12 1 1 1 1 1 1 8 8 8 8 8 8 3 3 3 9 9 9 9 4 4 4 6 6 6 6 6 2 2 2 2 18 18 18 18 18 18 18 18 5 5 5 5 5 9 9 9 9 9
0 0 0 0 0 0 11 11 11 11 11 22 22 22 22 22 22 17 17 17 17 17 17 15 15 15 15 15 15 15 21 21 21 7 7 7 7 23 16 16 16 16 16 12 12 12 1 1 1 1 8 8 8 8 3 3 3 3 3 9 9 9 14 4 6 6 6 6 2 2 2 2 2 2 2 18 18 18 18 5 5 5 5 5 5 5 9 9 9 9 9 9
14 14 18 18 18 18 18 2 2 2 2 2 6 6 6 4 4 14 14 14 14 14 18 14 14 14 9 3 3 8 8 8 1 1 12 12 16 16 23 23 23 23 7 7 7 21 21 21 21 21 21 17 17 17 17 22 22 22 22 11 11 0 0 19 19 19
5 5 5 5 5 18 18 18 18 18 18 2 2 6 6 6 6 14 14 14 9 9 9 5 5 5 5 5 5 5 5 3 3 3 3 8 8 8 8 1 1 12 12 12 16 16 16 23 23 7 7 7 17 17 17 17 17 17 17 17 17 17 17 17 17 22 22 22 22 22 11 11 11 11 0 0 0 0 19 19 19 18 18
20 20 20 20 20 0 11 11 11 11 11 11 11 22 22 22 22 13 17 17 17 17 15 15 15 15 15 15 15 15 15 15 15 15 21 21 21 7 7 7 23 23 23 16 16 16 16 16 12 12 12 1 1 1 8 8 8 8 8 3 3 3 9 9 4 4 4 6 6 6 6 2 2 2 2 2 18 18 18 18 14 5 9 9 9 9 9 9 9
0 0 0 0 11 11 11 11 11 11 11 22 22 13 13 13 13 17 17 17 17 17 17 17 17 17 17 17 17 17 17 17 17 7 7 7 7 7 7 23 23 23 23 23 23 16 16 16 16 16 16 16 12 12 12 12 12 12 12 1 1 1 1 1 1 1 8 8 8 8 8 8 3 3 3 3 3 9 9 9 9 9 9 14 14 14 14 14 14 14 14 14 14 18 18 18 18 18 18 18 18 18 19 19 19 19 19 19 19 19 19 2 2 2 2 2 2 6 6 6 6 6 6 6 4 4 4 4 14 14 14 14 14
0 0 0 0 0 0 0 0 11 11 11 11 11 11 13 13 13 17 17 13 13 15 15 15 15 15 15 15 15 15 15 15 17 17 17 17 17 17 7 7 7 7 23 23 23 23 23 16 16 16 16 12 12 12 12 12 1 1 1 1 1 1 8 8 8 8 8 3 3 3 3 3 9 9 9 9 9 4 4 4 4 6 6 6 6 6 2 2 2 14 18 18 18 18 5 5 5 5 5 9 9 9
0 0 0 11 11 11 11 11 11 11 11 22 22 13 13 13 15 15 15 15 15 17 17 17 17 17 17 17 7 7 7 23 23 23 16 16 16 12 12 1 1 1 1 8 8 8 8 8 3 3 3 3 3 5 5 5 5 5 5 5 5 5 5 5 14 14 14 14 4 6 6 6 6 6 2 2 2 2 2 18 18 18 5 5
0 0 0 0 0 0 0 0 11 11 11 11 11 13 13 13 13 15 15 15 15 15 15 15 15 15 15 17 17 17 17 7 7 7 7 7 23 23 16 16 12 12 12 1 1 8 8 8 3 3 9 9 9 4 4 4 6 6 2 2 18 18 18 18 14 5 3 3 3 3 3 3
19 19 0 0 0 0 0 11 11 11 11 22 13 13 13 13 15 15 15 15 15 15 15 17 17 17 17 7 7 7 7 16 12 12 1 1 1 8 8 8 3 3 9 9 14 14 14 14 14 14 14 5 3 3 3 3 8
0 0 0 0 0 0 11 11 11 11 11 11 22 13 13 13 13 13 15 15 15 15 15 15 15 15 17 17 17 7 7 7 7 23 23 23 16 16 16 12 12 12 1 1 8 8 3 3 3 9 4 4 6 6 6 2 2 2 2 2 2 18 18 18 5 5 3 3 3 3 3 3 3 3 3
19 19 19 0 0 0 0 0 11 11 11 11 13 13 13 13 15 15 15 15 13 17 17 17 17 7 7 7 16 12 12 1 1 1 8 8 3 3 9 9 9 14 14 14 14 5 5 8 8 8 8 8
19 19 19 0 0 0 11 11 11 11 11 11 11 20 20 20 20 15 13 13 13 17 17 17 17 7 7 7 12 12 1 1 1 8 8 3 3 3 9 9 9 9 14 5 5 5 5 5 8 8 8
0 0 0 0 0 11 11 11 11 20 20 20 20 20 20 15 15 15 15 13 17 17 17 17 7 7 23 16 16 12 1 1 8 8 8 3 9 9 9 14 14 14 14 18 18 18 5 5 3 3
19 19 0 0 0 11 11 11 11 13 13 13 15 15 15 15 15 17 17 17 7 7 23 23 16 12 1 1 8 8 3 3 9 14 14 14 14 14 14 14 5 3 3 3
0 0 0 0 0 0 0 0 11 11 11 11 22 22 22 13 13 13 13 13 15 15 15 15 15 15 15 15 15 15 15 15 17 17 17 17 7 7 7 7 23 23 23 23 16 16 12 12 1 1 1 8 8 8 8 3 3 9 9 9 4 4 4 6 6 6 2 2 2 18 18 18 18 18 5 5 5 3 3 3 3 3
0 11 22 17 15 21 23 16 12 8 3 9 5 18 14 6 19 20 18 14
19 0 0 0 0 0 11 11 11 22 22 13 13 15 15 15 15 15 17 17 17 7 7 23 16 12 12 1 1 8 8 3 3 9 9 4 6 6 2 18 18 18 5 5 3 3 8 8
19 0 0 0 11 11 11 13 20 15 15 15 13 17 17 7 23 16 1 1 8 3 9 14 14 14 18 5 5 8 8 8
11 11 11 11 11 11 11 11 11 11 22 22 22 13 13 17 15 15 15 15 15 21 21 21 21 21 7 7 23 23 23 16 16 16 16 12 1 1 1 8 3 3 3 3 3 9 9 5 5 5 5 5 5 5 5 9 14 14 14 4 6 6 6 2 2 2 19 18 18 18 5 5 9
0 0 11 11 11 11 11 11 22 22 22 22 22 13 13 13 17 15 15 15 15 15 15 15 15 17 17 17 17 7 7 7 7 7 7 23 23 23 23 23 23 23 16 16 16 16 16 12 12 12 12 12 1 1 1 1 1 8 8 8 8 8 8 3 3 3 3 3 3 9 9 9 9 14 14 4 14 14 14 14 18 18 18 18 18 14 14 14 14 6 4 6 6 6 6 6 6 2 2 2 2 2 2 19 19 19 18 18 18 18 18 18 18 14
0 0 11 11 11 11 11 11 22 22 13 13 13 13 13 15 15 15 15 17 17 17 17 7 7 7 23 23 23 23 16 16 16 12 12 12 1 1 1 8 8 8 8 3 3 3 3 3 3 9 9 9 9 14 14 14 18 18 18 18 18 18 18 19 19 19 19 19 2 2 2 2 6 6 4 14 14 5 5 5
0 0 0 0 0 0 11 11 11 11 11 11 11 11 11 22 22 22 22 13 13 13 13 13 13 13 13 13 13 13 13 13 13 17 17 17 17 17 7 7 7 7 7 23 23 23 23 23 16 16 16 16 16 12 12 12 12 12 12 1 1 1 1 1 1 8 8 8 8 8 3 3 3 3 3 3 3 3 3 9 9 9 9 9 5 14 5 5 5 5 5 18 18 18 5 5 5 5 5 5 9 14 14 14 14 4 4 4 4 6 6 6 6 6 2 2 2 19 18 18 18 18 18 18 18 18 18 18 5 5 5
0 0 0 0 11 11 11 11 22 22 22 13 13 17 17 15 15 15 15 15 15 17 17 17 7 7 7 7 7 7 23 23 23 23 23 16 16 16 16 12 12 12 12 12 1 1 1 1 8 8 8 8 8 5 3 3 5 5 3 9 9 9 14 4 4 4 6 6 6 6 6 6 6 2 2 2 19 19 19 19 18 18 18 18 18 14 14 14 9 9
19 19 19 0 0 0 0 0 0 11 11 11 11 11 11 11 11 22 22 22 22 13 13 13 13 13 15 15 15 15 15 15 15 15 15 15 17 17 17 17 17 17 17 7 7 7 7 7 23 23 23 23 23 23 16 16 16 16 12 12 12 12 12 12 1 1 1 1 1 1 8 8 8 8 3 3 3 3 3 9 9 9 9 9 9 9 14 14 14 14 14 14 14 18 18 18 18 18 18 18 18 19 19 19 19 2 2 2 2 6 6 4 4 4 4 4 9 9 9 9 9 5
0 0 0 0 0 0 0 0 11 11 11 11 11 11 11 11 11 13 13 20 20 20 20 20 13 13 13 13 13 17 17 17 17 17 7 7 7 7 7 7 23 16 16 12 12 12 1 1 1 1 8 8 8 8 8 8 3 3 3 3 5 5 5 5 5 5 5 10 10 10 18 18 18 18 18 18 18 18 18 18 14 14 14 14 9 9 9 9 9 3 3 3 3 3 3 5 5 5 5 5 5 5
0 0 0 0 11 11 11 11 11 22 22 22 22 22 13 13 13 13 15 15 15 15 15 15 13 13 17 17 17 17 17 7 7 7 7 7 23 23 23 16 16 16 12 12 12 1 1 1 1 1 8 8 8 8 8 8 3 3 3 3 3 5 5 5 5 5 5 5 5 5 5 18 18 18 18 18 18 19 2 2 2 2 2 2 2 6 6 6 4 4 4 9 9 9 9 3 3 5 5 5 5 5 5
19 0 0 0 0 0 0 0 11 11 11 11 11 11 11 22 22 22 13 22 22 13 13 17 17 17 17 17 17 17 17 15 15 15 15 15 15 15 15 15 15 15 15 15 15 21 17 17 17 17 17 17 7 7 7 7 7 7 7 7 23 23 23 23 23 23 23 23 16 16 16 16 16 16 12 12 12 12 12 12 12 1 1 1 1 1 1 1 1 8 8 8 8 8 8 8 8 8 3 3 3 3 3 3 3 3 3 9 9 9 9 9 14 14 14 14 14 14 14 2 6 6 6 4 4 4 4 4 6 6 6 6 6 6 6 6 6 2 2 2 2 2 2 2 19 19 19 19 19 19 19 18 18 18 18 18 14 14 14
0 0 0 0 0 0 11 11 11 11 22 13 13 13 20 20 15 15 13 13 13 17 17 17 17 7 7 7 7 23 16 16 12 12 1 1 8 8 8 8 8 8 3 3 3 3 5 5 5 10 10 10 18 18 18 18 18 18 2 2 2 4 4 9 9 9 9 9 3 3 5 5 5 5
0 0 0 0 11 11 11 22 22 22 13 13 13 15 15 13 13 13 17 17 7 7 7 7 23 16 12 12 12 1 1 8 8 8 8 3 3 3 3 5 5 5 5 10 10 18 18 18 18 18 2 2 2 6 6 4 4 9 9 3 3 5 5 5 5
0 0 0 11 11 11 11 11 22 22 22 22 22 13 13 13 13 13 15 15 15 15 15 15 17 17 17 17 7 7 7 7 23 23 23 23 16 16 16 12 12 12 1 1 1 1 8 8 8 8 8 3 3 3 3 5 5 5 5 5 18 18 18 18 18 18 18 18 19 19 19 19 2 2 2 6 6 6 6 4 4 4 4 9 9 9 9 5 5 5 5 5 5
0 0 0 0 11 11 11 11 11 11 22 22 13 13 13 13 15 15 15 15 15 15 17 17 17 17 17 7 7 7 7 7 23 23 16 16 12 12 12 1 1 1 8 8 8 8 8 8 8 3 5 5 5 5 5 18 18 18 18 18 19 2 2 2 2 6 6 6 4 4 4 9 9 3 3 3 3 5 5 5 5
0 0 0 0 11 11 11 11 11 22 22 22 22 13 13 13 13 15 15 15 15 13 17 17 17 7 7 7 7 23 23 23 23 16 16 12 12 1 1 1 8 8 8 8 8 8 3 3 3 3 5 5 5 5 10 10 10 10 18 18 18 18 18 19 19 19 19 2 2 2 2 6 6 6 6 4 4 9 9 9 9 3 3 3 5 5 5 5 5
0 0 0 0 11 11 11 11 11 22 22 13 13 13 13 15 15 15 15 15 17 17 17 7 7 7 23 23 23 16 16 12 1 1 1 8 8 8 8 8 8 3 5 5 5 5 5 18 18 18 18 18 2 2 2 2 6 6 4 4 4 9 9 3 3 3 3 5 5 5
0 0 0 0 0 0 11 11 11 11 11 11 22 22 22 22 13 13 13 13 15 15 15 15 15 15 15 15 17 17 17 17 17 7 7 7 7 23 23 16 16 12 12 12 1 1 1 8 8 8 8 8 8 8 8 8 8 8 5 5 5 10 10 10 10 18 18 18 18 18 18 2 2 2 2 6 6 4 4 4 4 4 9 9 9 3 3 5 5 5 5
0 0 0 0 0 0 11 11 11 11 11 11 11 22 22 22 22 13 13 13 13 13 15 15 15 15 15 13 13 13 17 17 17 17 7 7 7 7 7 23 23 23 16 16 16 16 12 12 12 12 1 1 1 1 1 8 8 8 8 8 8 8 3 3 3 3 3 3 3 3 9 9 9 14 5 5 5 18 18 18 18 15 15 15 15 15 15 18 19 18 19 2 2 2 2 2 6 6 6 4 4 4 4 9 9 9 9 5 5 5 5 5
0 0 0 0 11 11 11 11 11 22 22 22 13 13 15 15 15 15 15 15 15 15 17 17 17 7 7 7 23 23 23 16 16 12 12 1 1 1 8 8 8 3 3 3 5 5 5 5 18 18 18 18 18 2 2 2 2 2 6 6 6 4 4 4 9 9 9 3 5 5 5 5
20 0 0 11 11 11 22 22 22 22 17 17 17 15 15 15 15 15 17 7 7 7 23 23 23 16 16 12 12 1 1 8 8 8 3 3 5 5 5 5 18 18 18 18 18 19 2 2 2 2 2 6 6 6 4 4 9 9 9 5 5 5 5 5 5
11 11 11 22 22 13 17 15 15 17 17 7 7 23 16 16 12 1 1 8 8 3 3 5 5 5 5 14 4 6 6 2 2 19 18 18 18 14 14 4
0 0 0 0 0 0 0 11 11 11 11 22 22 22 22 22 13 13 13 13 13 15 15 15 15 15 18 18 15 15 15 15 15 15 17 17 17 17 7 7 7 7 7 23 23 23 23 16 16 16 12 12 12 12 1 1 1 8 8 8 8 3 3 3 9 9 9 9 4 4 4 4 4 4 4 14 14 14 14 14 18 18 18 5 5 5 5 5 5 5 5 5 3 3
2 2 2 2 19 19 19 0 0 0 0 0 11 11 11 11 11 22 22 22 22 13 13 13 13 13 15 15 15 15 15 15 15 15 15 15 15 15 15 17 17 17 17 7 7 7 7 7 7 23 23 23 16 16 12 12 12 1 1 1 1 8 8 8 8 3 3 3 3 9 9 9 9 4 4 4 14 14 14 14 14 14 5 5 5 5 5 3 3 3 3 8 3
