0 0 0 0 11 11 11 11 13 13 13 20 20 19 2 6 6 6 6 4 4 4 4 4 4 14 14 18 18 18 18 18 18 18 18 14 14 14 14 9 9 9 9 5 5 5 10 21 21 21 17 17 17 17 17 17 17 17 7 7 23 23 16 16 12 12 12 12 12 12 12 12 12 16 16
0 0 0 0 11 11 11 11 22 22 13 13 13 20 20 20 20 19 19 2 2 6 6 6 4 4 4 4 4 4 14 14 14 14 14 14 14 9 9 9 9 9 5 5 5 10 10 21 21 21 15 17 17 17 17 21 7 7 23 16 16 16 16 16 16 12 12 12 12 16 16 16
20 20 20 19 20 0 0 0 0 11 11 11 11 11 11 11 20 19 19 2 2 6 4 4 4 4 4 9 9 14 14 14 14 14 14 14 14 14 9 9 9 3 3 3 5 5 10 10 21 15 15 17 17 17 17 17 17 7 7 7 23 23 23 23 16 12 12 12 1 1 1 1 12 12 16 16
0 0 0 0 11 11 11 11 11 11 11 11 20 19 19 2 2 6 6 4 4 4 4 4 14 14 18 18 18 18 18 14 14 9 9 9 9 3 3 5 5 10 10 21 15 15 15 17 17 17 17 7 7 7 23 23 23 16 12 12 1 1 1 1 12 12 16 16 16
20 11 11 11 11 11 11 11 11 11 22 22 13 13 20 20 19 2 2 2 6 6 6 6 6 4 4 4 4 4 14 14 18 18 18 14 14 14 14 9 9 9 9 5 5 5 10 10 21 21 17 17 17 17 17 17 17 17 7 7 7 7 23 23 16 16 12 12 12 1 1 1 1 1 1 1 1 1 12 12 12
19 19 19 19 0 0 0 0 0 11 11 11 13 20 20 20 19 19 2 2 6 6 6 4 4 4 4 4 4 14 14 14 14 14 18 14 14 14 14 14 9 9 9 9 3 3 5 10 10 21 21 17 17 17 17 17 17 17 17 7 7 7 7 23 23 23 23 23 16 16 12 12 1 1 1 1 1 12 16 16 16
19 19 0 0 0 0 11 20 20 19 19 2 2 6 6 4 4 4 4 14 14 14 14 14 14 14 9 9 9 5 5 10 21 17 17 17 17 17 17 7 7 23 23 23 23 16 12 12 1 1 1 12 16 16 16
20 20 0 0 11 11 11 11 20 2 6 6 4 4 4 14 14 18 18 18 14 14 9 9 5 5 10 15 13 13 13 17 17 7 7 23 23 16 12 1 1 1 1 12 16 16
20 0 0 11 11 11 20 19 2 6 4 4 14 14 14 14 14 14 9 9 5 10 15 15 17 17 17 7 7 23 23 12 12 1 1 8 1 12
19 19 19 0 0 0 11 11 11 11 20 19 2 2 6 6 4 4 4 4 14 14 14 18 18 18 14 14 9 9 9 3 3 5 10 10 21 17 17 17 17 17 17 7 7 23 23 23 23 16 12 12 1 1 1 1 1 12 16 16
20 20 20 20 0 0 0 11 11 11 11 20 20 19 19 2 6 6 4 4 4 4 4 14 14 18 18 18 18 14 14 9 9 9 3 3 5 10 10 21 17 17 17 17 17 7 7 23 23 23 23 16 16 12 1 1 1 1 12 12 16 16
11 11 11 11 11 11 22 22 22 22 13 13 13 13 15 15 15 19 19 19 19 19 2 2 6 6 6 4 4 4 4 9 14 14 18 5 5 9 9 9 9 3 3 3 8 1 12 12 21 21 21 21 21 17 21 21 23 16 16 12 12 12 12 12 16 16 16
20 20 20 20 20 20 0 0 11 11 11 11 11 11 13 13 13 13 13 20 20 20 20 20 19 19 19 19 19 2 2 2 6 6 6 6 6 4 4 4 4 4 4 4 4 4 14 14 14 14 14 18 18 18 14 14 14 14 9 9 9 9 9 3 3 3 5 5 5 10 10 10 21 21 21 17 17 17 17 17 17 17 17 17 17 7 7 7 7 23 23 16 16 16 16 16 16 16 16 16 12 12 12 12 1 1 1 12 12 12 12 16 16 16 16 23 23 23
0 11 11 11 11 11 11 11 11 22 13 13 13 13 13 13 13 20 20 20 20 20 19 19 19 19 2 2 2 6 6 6 4 4 4 4 4 4 4 4 14 14 14 14 14 14 14 9 9 9 9 9 3 3 5 5 5 10 10 10 21 21 15 15 21 21 21 7 7 7 23 23 23 23 16 16 16 16 16 12 12 12 12 12 16 16 16
19 19 19 19 19 0 20 20 20 20 19 2 6 4 14 14 14 14 14 9 3 3 3 3 5 10 21 7 7 23 23 23 23 16 12 21 16 7 7
20 20 20 20 20 20 20 20 20 20 0 0 0 11 11 11 11 11 11 11 22 22 22 13 13 13 13 13 20 20 20 20 19 19 19 19 2 2 2 2 2 6 6 6 6 6 4 4 4 4 4 4 4 4 14 14 14 14 14 14 14 18 18 18 18 14 14 14 14 14 14 9 9 9 9 9 3 3 3 3 3 8 8 8 10 10 21 21 21 21 7 17 17 17 17 17 17 17 17 17 17 7 7 23 23 23 23 23 16 16 16 12 12 1 1 1 1 12 12 12 16 16 16 16
20 20 20 20 20 11 11 11 11 11 11 11 11 11 22 22 22 22 22 22 22 22 22 22 22 13 13 13 13 13 13 13 13 20 20 20 20 20 20 20 19 19 19 19 19 19 19 2 2 2 2 2 2 2 6 6 6 6 6 4 4 4 4 4 4 4 4 4 4 4 14 14 14 14 14 14 18 18 18 18 18 18 18 18 18 14 14 14 9 9 9 9 9 9 9 3 3 3 3 3 3 3 3 3 5 5 5 5 10 10 10 10 10 10 10 10 21 21 21 21 21 21 21 17 17 17 17 17 17 21 21 21 7 7 7 23 23 23 23 16 16 16 16 16 16 12 12 12 12 12 12 12 12 12 12 16 16 16 16
20 0 11 11 22 20 19 19 2 6 6 4 14 18 18 18 14 14 9 9 3 5 10 21 17 17 17 17 7 23 23 16 1 1 8 1 12 16
20 20 20 20 0 0 0 0 0 0 11 11 11 11 11 11 11 11 13 13 13 13 13 13 13 20 20 20 20 20 20 18 19 18 18 2 2 2 2 2 6 6 6 6 4 4 4 4 4 4 4 4 4 9 9 9 9 14 14 5 18 18 18 14 14 14 9 9 9 9 3 3 3 3 5 5 10 10 10 21 21 21 21 21 17 17 17 17 17 17 7 7 7 7 23 23 23 23 23 16 16 16 12 12 1 1 1 1 1 12 12 16 16 16 16 16
0 0 0 0 0 11 11 11 22 22 22 13 13 13 15 15 15 15 18 18 18 19 2 2 2 2 6 6 6 6 6 6 4 4 4 14 14 14 14 14 18 14 14 14 9 9 9 9 3 3 3 3 3 5 10 10 10 21 21 21 21 7 7 7 7 7 23 23 23 16 16 16 12 12 12 16 16 16 23 23 23 23 23
20 20 20 20 20 20 19 19 19 19 19 20 20 20 20 20 11 11 11 13 22 22 22 13 13 13 13 13 20 20 20 18 18 18 2 2 2 6 6 6 6 4 4 4 4 4 4 4 4 4 9 14 14 14 14 14 14 14 14 14 9 9 9 3 3 3 3 5 5 10 10 10 21 21 15 15 15 17 17 17 17 17 7 7 23 23 23 16 16 16 16 16 12 12 12 12 16 16 16 16 16
0 0 11 11 11 11 11 11 11 20 20 20 19 19 2 2 6 6 6 6 4 4 4 4 14 14 14 14 14 14 14 14 9 9 9 9 9 5 5 10 10 21 21 17 17 17 17 17 17 17 17 7 7 7 23 23 16 12 12 12 1 1 1 1 12 12 16 16 23 23
0 11 11 11 11 11 11 11 11 11 20 20 19 19 2 2 6 6 6 4 4 4 4 4 4 14 14 18 18 18 18 18 14 14 14 9 9 9 9 3 5 5 10 10 21 21 21 17 17 17 17 17 17 17 17 17 7 7 23 16 16 12 12 12 1 1 1 1 12 12 16 16 16 23
19 19 19 19 19 0 0 0 11 11 11 11 11 13 20 20 19 2 2 6 4 4 4 4 9 9 14 5 5 5 18 18 14 14 9 9 3 5 5 10 10 21 21 17 17 17 17 17 17 7 7 23 23 16 16 16 12 12 1 1 1 1 12 16
11 11 11 11 11 11 11 22 22 22 22 22 22 13 20 20 19 19 2 2 2 6 6 6 4 4 4 4 14 14 14 14 18 18 18 14 14 14 14 9 9 9 9 3 3 5 10 10 21 21 21 21 17 17 17 17 17 7 7 7 16 16 16 12 12 1 1 1 1 1 1 12 12 12 16
11 11 11 11 11 11 22 22 13 20 19 2 6 4 4 4 4 4 14 18 18 18 18 14 9 9 9 3 5 10 21 15 15 17 13 17 17 17 7 7 16 16 12 12 1 1 1 1 12 12 16
0 0 0 11 11 11 11 11 22 11 11 20 20 19 2 2 6 6 6 6 4 4 14 14 14 14 18 14 14 14 14 14 9 9 9 9 9 3 10 10 21 21 17 17 17 17 17 17 17 7 7 7 23 23 16 12 12 1 1 1 1 1 1 12 12 16 23
20 11 11 11 11 11 11 11 11 22 22 22 22 22 13 13 20 20 19 19 2 2 6 6 6 4 4 4 4 14 14 14 14 18 18 18 18 14 14 14 9 9 9 9 3 3 5 10 10 21 21 21 17 17 17 17 17 7 7 7 7 23 16 16 12 12 1 1 1 1 1 1 12 12 16 16
20 11 11 11 11 11 11 22 22 22 22 22 22 22 22 22 22 22 13 13 13 20 20 19 19 19 2 2 2 6 6 6 6 4 4 4 4 14 14 14 14 14 18 14 14 14 14 14 14 9 9 9 9 9 9 3 3 3 3 5 5 5 10 10 10 10 21 21 15 15 15 15 21 21 21 21 21 16 16 16 16 16 16 16 12 12 12 12 1 1 1 12 12 12 12
11 11 11 11 11 11 11 22 22 22 22 22 22 22 13 13 13 20 20 20 19 19 19 2 2 2 2 2 6 6 6 6 4 4 4 4 14 14 14 14 14 14 18 14 14 14 14 14 9 9 9 3 3 3 3 5 5 10 10 10 10 21 21 21 21 21 21 21 7 7 23 23 16 16 16 16 12 12 1 1 1 12 12 16 16
20 20 20 20 11 11 11 11 11 22 22 22 22 22 22 22 22 13 13 13 20 20 19 19 19 2 2 2 2 2 2 6 6 6 6 6 4 4 4 4 4 4 4 14 14 14 14 14 14 14 9 9 3 3 3 3 3 5 5 10 10 10 10 10 21 21 21 21 21 21 21 21 7 16 16 16 16 16 16 12 12 12 12 12 12 16 16 16 16
20 0 0 0 0 11 11 22 22 22 22 13 13 20 20 19 19 2 2 2 6 6 6 4 4 4 4 4 14 14 14 14 14 14 9 9 9 9 3 5 5 5 10 21 21 21 17 17 17 17 17 7 7 23 16 16 16 12 12 12 12 1 1 12 12 16 16 16
13 13 11 11 11 11 11 11 22 22 22 22 22 22 22 22 22 13 20 20 20 19 19 2 2 2 2 6 6 6 6 4 4 4 4 14 14 14 14 14 5 5 14 14 9 9 3 3 3 3 5 5 10 10 10 10 21 21 21 21 21 21 12 12 12 12 12 12 12 12 1 1 12 12 12 12 12
20 20 20 20 20 20 11 11 22 22 22 22 22 22 22 13 13 20 19 19 2 2 2 6 6 6 4 4 4 4 4 4 14 14 14 14 18 18 14 14 14 14 9 9 3 5 5 10 10 10 10 15 15 15 15 15 21 21 21 16 16 16 16 16 12 12 12 12 12 16 16 16
13 13 20 20 20 20 20 20 20 20 20 0 0 0 11 11 11 11 11 11 11 22 22 22 22 22 13 13 13 13 13 13 13 20 20 20 20 18 18 18 18 18 14 14 14 14 4 4 4 4 4 4 4 4 4 4 9 9 9 9 9 14 14 14 18 18 18 14 14 14 9 9 9 3 3 3 3 3 5 10 10 10 21 21 17 17 17 17 17 17 7 7 7 23 23 23 16 16 16 16 16 12 12 12 1 1 1 12 12 16 16
19 19 19 19 19 0 0 11 13 13 20 19 2 6 6 6 4 4 4 4 14 14 14 14 9 9 3 3 10 10 21 21 17 17 17 17 7 7 23 23 23 16 16 12 12 12 16 16 23
19 19 19 19 19 19 19 0 0 0 11 11 11 11 13 13 20 20 19 19 2 2 6 6 6 4 4 4 4 4 14 14 14 14 14 9 9 9 3 3 3 3 3 5 5 10 21 21 17 17 17 17 7 7 23 23 23 23 16 16 12 12 12 12 12 16 16 23
20 20 20 20 20 20 20 0 0 11 11 11 11 11 22 22 22 22 13 13 20 18 18 18 18 14 6 4 4 4 4 4 4 4 4 9 14 14 14 9 9 9 9 9 3 3 5 5 5 10 21 21 17 17 17 17 17 7 23 23 16 16 12 12 1 1 1 1 1 12 12 16 16
20 20 20 19 19 19 19 19 19 0 0 0 11 11 11 13 13 13 20 20 19 18 18 2 14 4 4 4 4 4 4 4 14 14 14 9 9 9 3 3 3 3 5 10 10 21 21 17 17 17 17 7 7 23 23 16 16 16 12 12 12 12 12 16 16
20 20 20 20 20 19 20 20 11 13 22 22 13 13 20 20 19 2 6 6 6 6 4 4 4 4 4 14 14 14 14 14 14 14 9 9 5 5 5 5 10 21 15 17 17 17 17 7 7 23 23 23 16 16 12 12 12 12 16 16 23
19 19 19 19 19 19 0 0 20 11 13 13 20 20 20 19 2 2 6 4 4 4 4 4 14 14 14 9 9 9 9 9 3 5 10 10 21 15 17 17 17 7 7 23 23 23 16 16 12 12 12 12 12 16 16
20 20 20 20 20 20 20 11 11 11 11 22 22 13 20 20 19 19 2 2 6 6 6 4 4 4 4 14 14 14 14 14 14 9 9 9 9 3 3 5 10 10 15 15 17 17 17 7 7 23 23 16 16 16 12 12 12 12 12 16 16
18 18 18 18 18 18 19 19 19 19 0 11 11 22 22 22 22 13 20 20 19 19 2 2 6 6 6 4 4 14 14 14 14 14 9 9 9 9 3 3 3 5 10 10 21 21 17 17 17 17 7 7 23 23 23 16 16 16 12 12 12 16 16 16
20 20 20 20 20 11 11 11 11 11 22 22 13 13 20 20 20 19 2 6 6 6 4 4 4 4 4 14 14 14 14 14 14 14 9 9 9 9 3 5 5 10 21 21 17 17 17 17 7 7 23 23 16 16 16 16 12 12 12 12 12 12 16
19 19 19 19 19 0 0 11 13 20 19 2 6 6 4 4 14 14 14 9 9 9 3 5 10 21 17 17 17 7 7 23 16 16 12 12 12 16 16
19 19 19 19 19 19 19 19 0 0 20 11 20 20 20 20 20 19 19 2 2 6 6 6 4 4 4 4 4 4 14 14 18 18 18 18 5 5 5 5 5 3 3 3 5 5 10 10 21 21 21 17 17 17 7 7 7 7 23 23 23 23 16 16 16 16 16 16 23
20 20 20 20 20 0 11 11 11 11 22 13 13 13 20 2 2 6 6 6 4 4 14 14 14 9 9 9 9 3 3 5 5 10 15 15 17 17 7 23 23 16 16 12 12 12 12 12 16 23
0 0 0 0 0 11 11 11 13 13 13 13 13 20 20 20 19 2 2 6 6 6 6 4 4 4 4 4 4 4 14 14 14 18 18 14 14 14 14 9 9 9 9 5 5 10 10 10 21 21 21 21 21 17 21 21 21 7 7 23 23 23 23 23 23 23 16 16 12 12 12 12 12 12 12 16 16 16
11 11 11 11 11 11 11 22 22 22 22 11 11 20 20 20 20 19 19 2 2 2 2 6 6 6 6 6 6 4 6 4 6 6 14 18 18 18 18 14 14 14 14 9 9 9 9 9 5 5 5 10 10 10 21 15 15 17 17 17 17 17 17 17 17 7 7 7 7 7 7 7 7 7 16 12 12 12 10 1 1 8 8 8 8 8 8 8 1 1 1 1 12 12 12 12 16 16 16 16
20 20 19 19 19 20 0 0 11 11 11 22 22 22 13 20 19 19 2 2 6 6 4 4 4 4 9 14 14 18 18 18 18 18 14 9 9 9 3 3 3 5 10 10 21 21 17 17 17 17 17 17 7 7 16 16 16 16 12 12 12 1 1 12 12 16 16 16
19 19 0 0 0 0 0 0 11 11 11 13 13 13 13 13 13 20 20 20 20 20 19 19 19 2 2 2 2 6 6 6 6 6 6 6 4 4 4 4 4 4 4 14 14 14 14 18 18 18 18 18 18 18 14 14 14 14 9 9 9 9 3 5 5 5 5 5 10 10 10 10 21 21 21 21 21 17 17 17 17 21 7 7 7 7 23 23 23 23 23 23 16 16 16 16 16 12 12 12 12 12 12 16 21 7 7 23 23 23 23 23
0 0 0 0 11 13 13 13 13 20 20 19 19 19 2 6 6 6 4 4 4 4 14 18 18 18 18 18 14 9 9 9 9 9 5 10 10 15 15 17 17 17 17 7 7 7 23 23 23 23 16 16 12 1 1 1 1 12 16 16
19 19 19 19 0 0 0 11 11 11 11 22 22 22 13 13 20 20 20 20 19 19 19 2 2 2 6 6 6 6 4 4 4 4 4 14 14 14 14 18 18 18 18 18 14 14 14 14 9 9 9 9 3 3 5 5 5 10 21 21 17 17 17 17 17 17 17 7 7 23 23 23 23 23 23 23 16 16 12 12 12 1 1 1 1 12 12 16 16 23 23
19 19 19 19 19 0 0 0 11 11 11 11 22 22 13 13 13 20 20 20 19 19 2 2 2 2 6 6 6 6 4 4 4 4 4 4 14 14 14 18 18 18 18 18 18 18 14 14 14 14 9 9 9 9 3 3 5 5 10 10 21 21 17 17 17 17 17 7 7 7 23 23 23 23 23 23 16 16 12 12 1 1 1 1 12 12 16 16 23 23
19 19 19 19 19 19 0 0 0 11 11 11 22 22 22 13 13 13 20 20 19 19 19 2 2 2 6 6 4 4 4 4 4 4 4 4 14 18 18 18 18 18 18 18 18 14 14 14 9 9 9 3 3 3 5 10 10 21 21 21 17 17 17 17 17 17 7 7 7 7 23 23 23 16 16 16 12 12 1 1 1 12 12 12 16 16 23 23
19 0 0 0 0 11 11 11 22 13 20 20 20 19 2 2 6 6 6 4 4 4 4 14 14 18 18 18 18 18 14 14 14 9 9 9 9 3 5 5 10 21 17 17 17 17 17 17 7 7 23 23 23 16 16 12 1 1 1 1 1 12 16 16 23 23
11 11 22 22 13 19 6 4 4 18 18 14 9 5 21 17 17 17 16 12 1 8 1 12
0 0 0 0 11 11 11 11 11 11 20 20 19 19 2 2 6 6 4 4 4 4 14 18 18 18 18 18 14 9 9 9 9 9 3 5 10 21 21 17 17 17 17 7 7 23 23 23 16 16 12 12 1 1 1 1 12 12 23 23 23
19 19 0 0 11 11 11 11 22 22 22 22 13 13 13 20 20 20 19 19 2 2 2 2 6 6 6 4 4 4 4 4 14 14 14 14 18 18 18 18 18 14 14 14 9 9 9 9 9 3 5 5 10 10 21 21 17 17 17 17 17 7 7 7 23 23 23 23 23 16 16 16 12 12 1 1 1 1 1 12 12 16 16 23
19 19 19 0 0 0 0 11 11 11 11 13 13 13 20 20 20 19 19 19 2 2 6 6 6 4 4 4 4 4 4 4 14 14 18 18 18 18 18 18 18 18 18 18 14 9 9 9 9 3 3 5 5 10 10 21 21 17 17 17 17 17 17 7 7 23 23 23 23 23 23 16 16 12 12 12 1 1 12 12 16 16 23
19 19 19 0 0 0 0 11 11 11 11 11 22 13 13 20 20 20 20 19 19 2 2 2 2 6 6 4 4 4 4 4 14 14 14 18 18 18 18 18 18 14 14 14 9 9 9 9 9 3 3 3 5 10 10 21 21 17 17 17 17 17 17 17 7 7 23 23 23 23 23 16 16 12 12 12 1 1 1 1 12 16 16 23 23
2 2 19 19 19 0 0 0 11 20 20 20 20 20 19 19 19 2 6 6 6 6 6 4 4 4 4 4 14 14 14 18 18 18 18 18 18 18 14 14 14 14 9 9 3 3 5 10 10 10 21 21 17 17 17 17 17 17 7 7 7 23 23 23 23 23 23 16 16 12 12 1 1 12 12 16 16 23 23
19 19 0 0 0 11 11 11 11 11 22 13 13 13 20 20 20 20 19 19 2 2 2 6 6 6 4 4 4 4 4 4 4 4 14 14 18 18 18 18 15 18 18 18 18 14 14 14 9 9 9 3 3 5 5 10 10 21 21 17 17 17 17 17 7 7 7 23 23 23 23 23 23 16 16 16 12 12 1 1 1 1 12 12 16 16 23
19 19 19 19 19 0 0 0 0 11 11 11 11 22 22 13 13 20 20 20 20 19 19 2 2 2 2 6 6 4 4 4 4 4 4 4 14 14 18 18 18 18 18 18 18 18 18 14 9 9 9 9 9 9 3 3 3 5 10 10 21 17 17 17 17 17 17 17 7 7 7 23 23 23 23 16 16 12 12 12 1 1 1 1 1 12 12 16 16 23 23
20 20 20 20 11 11 11 11 11 11 11 11 11 11 11 11 11 11 11 22 22 22 22 22 22 22 13 13 13 13 13 13 13 13 20 20 20 20 20 20 19 19 19 19 19 2 2 2 2 2 2 2 6 6 6 6 6 6 6 6 4 4 4 4 14 14 14 14 18 18 18 18 18 14 14 14 14 14 14 9 9 9 9 9 9 9 9 3 3 3 3 5 5 10 10 10 10 21 21 21 21 21 21 21 21 21 21 21 17 17 17 17 17 17 17 17 17 7 7 7 23 16 16 16 16 16 16 16 12 12 1 1 8 8 8 8 8 8 8 3 3 3 8 8 1 1 12 12 16 16 16 16 16 16 16
19 0 0 11 20 20 2 6 4 4 14 18 14 9 9 5 21 17 13 13 17 7 23 16 12 1 1 12 16 16
20 0 0 0 0 0 11 11 11 11 11 11 11 11 20 20 20 20 19 19 2 2 2 2 6 6 6 6 6 4 4 4 4 4 4 4 14 14 14 14 14 18 18 18 14 14 14 14 14 9 9 9 9 9 3 3 3 3 5 5 10 10 21 21 21 17 17 17 17 17 17 17 17 17 17 7 7 7 7 7 23 23 23 23 23 16 16 16 12 12 12 1 1 1 1 1 1 12 12 12 16 16 16 12
