0 0 0 0 20 20 20 20 20 20 19 19 2 2 2 6 6 6 4 4 4 4 4 14 14 14 14 14 14 9 9 9 9 5 5 10 15 15 15 17 17 17 17 17 17 17 7 7 7 23 23 23 23 16 12 12 12 1 1 1 1 12 12 16 23
0 0 0 0 0 0 0 11 11 20 20 20 20 20 13 20 20 20 20 19 19 19 19 2 2 2 2 6 6 6 4 4 4 4 14 14 14 14 18 18 18 18 18 18 18 18 18 18 14 14 9 9 9 9 9 9 9 9 3 3 3 3 5 5 5 10 10 21 21 21 17 17 17 17 17 17 7 7 7 7 23 23 23 23 23 23 23 16 16 16 16 12 12 12 12 12 16 16
0 0 0 0 0 0 0 20 20 20 20 19 19 2 2 6 6 6 4 4 4 4 4 14 14 14 14 18 18 14 14 14 9 9 9 3 5 5 10 21 21 21 17 17 17 17 17 17 17 17 7 7 7 7 23 23 23 23 16 12 1 1 1 8 8 8 1 12 12 16
0 0 0 0 0 0 0 20 20 20 20 19 19 19 2 2 2 6 6 6 4 4 4 4 4 14 14 14 18 18 18 18 18 18 14 14 9 9 9 9 3 3 5 5 10 10 21 21 17 17 17 17 17 17 17 17 17 7 7 7 7 7 7 23 23 23 23 16 16 12 12 1 1 1 1 1 1 10 12 12 16 16
0 0 0 11 0 20 20 20 20 20 19 19 2 2 2 6 6 6 6 6 6 14 14 14 14 18 14 14 14 4 14 9 9 9 9 9 9 5 5 5 10 15 15 15 15 17 17 17 17 17 17 17 17 17 7 7 7 7 23 23 23 23 23 16 16 12 12 1 1 1 1 1 1 12 12 12 12
0 0 0 0 0 20 20 20 19 19 2 6 6 4 4 4 4 4 14 14 14 18 18 14 14 14 9 9 9 9 5 10 10 15 17 17 17 17 17 17 17 7 7 23 23 23 23 16 16 12 12 1 1 1 10 10 12 12
11 11 11 11 11 11 20 19 2 6 6 4 14 14 14 14 14 9 9 9 5 5 15 15 13 17 17 17 7 7 7 23 16 12 12 1 8 8 1 12 12 12
0 0 0 0 11 11 11 20 19 2 6 4 4 4 14 14 18 14 14 9 9 9 5 10 21 15 17 17 17 17 7 7 7 23 16 16 12 1 8 8 8 1 12 12
0 0 0 0 0 0 20 20 20 20 20 20 19 19 2 6 6 6 4 4 4 4 4 14 14 14 18 18 18 18 14 14 9 9 9 3 5 5 10 10 21 17 17 17 22 17 17 17 17 7 7 23 23 23 23 23 16 12 1 1 1 1 1 1 12 12 16
0 0 0 0 0 0 20 20 20 20 20 20 19 19 2 2 6 4 4 4 4 14 14 14 14 14 9 9 9 9 9 3 3 10 10 21 21 17 17 17 17 17 17 7 7 7 23 23 23 16 16 12 1 1 1 8 1 1 12 16
0 0 11 11 11 11 11 11 20 20 13 20 13 20 20 20 20 20 20 20 19 19 19 19 2 2 2 6 6 6 6 4 4 4 4 4 4 4 4 14 14 18 18 18 14 14 14 14 9 9 9 9 3 3 3 3 5 10 10 10 10 21 21 21 21 21 17 17 17 17 17 17 17 7 23 23 23 23 23 16 16 16 12 12 16 16 16 23 23 23
0 19 19 19 19 19 19 19 19 19 2 2 6 6 6 6 6 6 6 6 6 4 14 14 14 14 14 14 14 14 14 9 9 9 9 9 9 5 5 5 5 10 10 15 15 15 15 15 13 13 13 13 13 13 13 17 17 17 17 7 7 7 7 23 23 23 23 23 16 16 16 16 12 12 1 1 1 1 1 12 12 12 16 16 16 23
11 11 11 11 11 11 11 20 20 20 20 20 20 20 20 20 20 19 19 19 19 2 2 2 2 6 6 6 6 4 4 4 4 4 4 4 14 14 14 14 18 18 18 18 18 14 14 14 14 14 9 9 9 9 9 9 9 9 3 3 5 5 5 5 10 10 21 21 21 17 17 17 17 17 17 13 13 13 13 17 17 17 17 17 7 7 23 16 16 16 16 16 16 16 16 16 16 16 16 12 12 1 1 1 1 1 12 12 12 12 16 16
0 0 0 0 20 20 20 20 20 19 19 2 6 6 6 6 6 6 6 14 14 18 18 18 18 14 9 9 3 3 3 3 5 5 10 10 21 21 21 17 17 17 17 17 7 7 23 23 23 16 16 12 12 12 12 16
0 0 0 0 0 0 0 0 0 0 20 20 20 20 20 20 20 20 19 19 19 19 19 2 2 2 2 2 2 6 6 6 6 6 6 6 4 4 4 4 4 4 4 4 4 4 4 4 14 14 14 14 14 14 18 18 18 18 18 18 18 18 18 18 18 18 18 14 14 14 14 14 14 14 9 9 9 9 9 9 3 3 3 5 5 5 5 5 10 10 10 10 21 21 21 21 21 17 17 17 17 17 17 17 17 13 17 17 17 17 17 7 7 7 7 7 23 23 23 23 23 23 23 23 23 16 16 12 12 12 12 12 12 12 12 12 12 12 12 16 16 16 23 23 23 23 23 23 23 23 23
0 0 0 0 0 0 0 0 0 0 0 0 20 20 20 20 20 19 19 19 19 19 19 2 2 2 2 2 2 6 6 6 6 6 6 6 4 4 4 4 4 4 4 4 4 4 14 14 14 14 14 18 18 18 14 14 14 14 14 14 9 9 9 9 9 9 9 9 3 3 3 3 5 5 5 5 5 5 5 10 10 10 10 10 10 10 15 15 15 15 15 15 15 17 15 17 17 17 17 17 17 17 17 17 17 17 17 17 17 17 17 17 17 17 7 7 7 7 7 7 7 7 23 23 23 23 23 23 16 16 16 16 16 16 16 16 16 12 12 12 12 12 12 12 12 16 16 16 16 16 16 16
0 0 20 20 19 2 6 6 4 4 14 18 18 18 14 9 9 9 5 21 15 15 17 17 17 7 23 23 23 16 12 12 16 23 23
0 0 20 20 19 2 6 4 4 14 18 18 9 9 5 21 15 15 13 15 7 7 23 23 21 10 8 1 12 23 23
0 0 0 0 0 0 0 19 19 20 20 19 19 19 19 2 2 2 2 6 6 6 6 6 6 6 6 4 4 4 4 4 14 14 14 18 18 18 18 18 18 18 15 15 15 18 18 18 18 18 18 14 14 14 14 14 9 9 9 9 9 9 5 5 5 10 10 10 21 21 21 7 7 7 7 17 17 17 7 7 7 7 7 7 23 23 23 23 23 23 23 23 23 16 16 12 12 1 1 1 1 1 12 12 16 16 16 23 23 23 23
0 0 0 0 0 0 0 19 19 19 20 20 20 20 20 20 20 19 19 19 19 19 19 19 19 19 2 2 2 2 2 2 2 6 6 6 6 6 6 6 4 4 4 4 4 4 4 14 14 14 14 14 14 14 14 14 14 14 9 9 9 9 9 9 9 9 9 9 3 5 5 5 5 5 5 10 10 10 10 10 10 10 21 21 21 21 21 21 21 17 17 17 17 17 17 17 7 7 7 7 7 7 7 23 23 23 23 23 23 23 23 16 16 16 16 16 16 16 16 16 16 16 16 23 23 23 23 23 23 23 23 23
11 0 0 0 0 20 20 20 20 20 20 20 20 20 19 19 2 2 2 6 6 6 6 6 6 4 4 4 4 14 14 14 14 14 14 14 14 14 4 4 4 4 9 9 9 9 9 9 5 5 5 10 10 21 21 21 17 17 17 17 17 7 7 7 7 23 23 23 23 16 16 16 12 12 12 12 12 12 16 16 16 23 23 23 23 23 23 23
2 2 2 2 2 2 2 2 2 19 19 19 19 19 2 2 2 2 2 6 6 6 4 4 4 4 4 4 4 4 14 14 14 14 14 18 14 14 14 14 14 14 14 14 14 5 5 18 10 10 15 15 15 15 15 15 15 15 15 15 15 15 15 17 17 7 7 7 7 23 23 23 23 23 23 23 23 16 16 16 16 12 12 12 12 16 16 16 23 23 23 23 23 23 23
11 11 11 11 11 11 11 11 13 13 13 13 13 11 20 20 19 19 2 6 6 6 6 4 4 4 4 4 14 14 14 14 18 18 18 18 14 14 14 9 9 9 9 9 3 5 5 10 10 21 21 21 17 17 17 17 17 17 17 17 17 17 7 7 7 23 23 16 16 12 12 1 1 1 1 1 1 1 12 12 16 16
0 0 0 0 0 0 0 0 0 0 20 20 20 20 20 20 19 19 2 2 2 6 4 4 4 4 4 4 4 4 14 14 14 14 18 14 14 14 14 9 9 9 9 9 9 9 3 5 5 5 10 10 10 15 15 15 15 15 15 17 17 17 17 17 17 17 7 7 7 7 7 23 23 23 23 16 16 16 16 16 12 12 12 12 12 12 16 16 16 16 16 16
0 0 0 0 0 0 20 20 20 20 20 20 20 19 19 19 2 2 2 6 6 6 4 4 4 4 4 14 14 14 14 14 14 14 14 14 9 9 9 9 9 3 3 5 5 10 10 21 21 17 17 17 17 17 13 17 17 17 17 7 7 7 7 23 23 23 16 16 16 12 12 1 1 1 1 12 12 16 23 23 23
11 11 11 11 11 11 11 11 11 11 13 13 13 13 13 20 20 20 19 19 2 2 6 6 4 4 4 4 4 4 14 14 14 18 18 18 18 18 14 14 14 9 9 9 9 3 3 5 10 10 21 21 21 21 17 17 17 17 17 17 7 7 7 7 23 23 16 16 12 12 1 1 1 1 1 1 12 12 12 16
11 11 11 11 11 22 22 11 20 19 2 6 4 4 4 14 14 18 18 14 9 9 3 3 5 10 21 21 17 17 17 7 7 23 16 12 12 1 8 8 1 12 12
0 0 11 11 11 11 20 13 13 20 20 20 19 19 2 2 6 6 6 6 6 4 4 4 14 14 14 18 18 18 18 14 14 14 4 4 9 9 9 9 9 5 5 10 10 21 21 21 17 17 17 17 17 17 17 17 17 7 7 7 23 23 23 16 16 12 12 1 1 1 1 1 12 12 12 16 16 16
11 11 11 11 11 11 11 11 11 11 13 13 13 20 20 20 19 19 2 2 6 6 6 4 4 4 4 4 4 14 14 14 14 18 18 18 18 18 18 14 14 14 9 9 9 9 9 3 3 5 10 10 10 21 21 21 17 17 17 17 17 17 17 7 7 7 7 23 23 16 16 12 12 12 12 1 1 12 12 12 16 16 16 23 23
19 19 19 19 19 19 19 19 19 19 19 19 19 2 2 2 6 6 6 6 4 4 4 4 4 4 14 14 14 14 18 18 18 14 14 14 14 9 9 9 9 5 5 10 10 15 15 15 15 15 15 15 17 17 17 17 7 7 7 23 23 23 23 23 23 16 16 16 16 16 16 16 16 16 23 23 23 23
0 0 20 20 20 20 20 20 13 20 20 20 20 20 20 20 19 19 19 19 19 19 19 2 2 2 2 2 2 6 6 6 6 6 6 6 4 4 4 14 14 14 14 14 14 18 18 18 14 14 14 14 14 14 14 14 9 9 9 9 9 3 3 3 3 5 5 5 10 10 10 21 21 21 21 21 21 21 17 17 17 17 7 7 7 7 7 7 23 23 23 23 23 23 23 23 16 16 16 16 16 16 16 16 23 23 23 23
11 11 11 11 11 11 13 13 13 13 20 20 20 20 20 19 19 19 19 19 2 2 2 2 6 6 6 6 6 6 6 6 14 14 14 14 14 18 18 14 14 14 14 4 4 4 9 9 9 9 9 3 3 3 3 5 5 10 10 10 21 21 21 21 21 21 17 17 17 17 17 7 7 7 7 7 23 23 23 23 23 23 16 16 16 16 12 12 12 16 16 16 23 23
0 0 0 0 20 20 20 20 20 20 20 19 2 2 6 6 6 6 4 4 4 4 14 14 14 14 14 14 14 14 14 9 9 3 5 5 10 10 21 21 17 17 17 17 17 17 7 7 23 23 23 23 16 16 16 12 12 12 16 23 23
0 0 11 20 20 20 20 13 20 20 19 19 19 2 2 2 6 6 6 6 4 4 4 14 14 14 14 14 18 14 14 14 14 14 9 9 9 3 3 3 5 10 10 21 21 21 17 17 17 17 17 7 7 7 23 23 23 16 16 12 12 12 12 12 16 16 23 23 23
0 0 0 0 0 0 0 20 20 20 20 19 19 19 19 2 2 2 6 6 6 6 4 4 4 4 4 4 4 14 14 14 14 14 14 14 14 9 9 9 9 9 9 5 5 5 5 5 10 10 10 15 15 15 15 17 17 17 17 17 17 17 17 17 17 7 7 7 23 23 23 23 23 23 23 23 16 16 16 12 12 12 12 12 12 16 16 16
0 0 0 0 0 20 20 20 20 20 20 19 19 2 2 2 6 6 6 6 4 4 4 4 14 14 14 14 18 18 18 14 14 14 14 9 9 9 3 5 5 5 5 10 21 21 17 17 17 17 17 17 17 7 7 7 23 23 23 23 23 16 16 12 12 12 12 12 16 16 23 23
0 0 0 0 0 20 20 20 20 20 20 20 20 20 20 19 19 19 2 2 2 2 6 6 6 6 6 6 4 4 4 14 14 14 14 14 18 14 14 14 14 14 9 9 9 9 9 5 5 5 5 10 10 21 21 21 17 17 17 17 17 17 7 7 7 7 23 23 23 23 23 23 16 16 12 12 12 12 12 12 12 16 23 23 23 23 23
0 0 0 0 0 19 20 20 19 19 19 2 2 2 6 6 6 6 4 4 4 14 14 14 18 18 18 14 14 14 9 9 9 9 9 5 5 5 10 21 21 17 17 17 17 17 17 17 17 17 7 7 23 23 23 23 23 16 16 12 12 12 1 1 10 10 21 12 16 12 12 12
11 11 11 11 11 11 11 20 20 19 19 2 2 6 6 6 6 4 4 4 14 14 14 14 14 14 14 9 9 9 5 5 5 10 10 15 15 15 17 17 17 17 7 7 23 23 23 23 16 12 12 1 1 1 12 12 12
0 0 0 0 20 20 20 20 20 20 19 19 2 2 6 6 6 6 4 4 4 4 14 14 14 14 14 9 9 9 9 9 5 5 10 15 15 15 17 17 17 17 17 7 7 23 23 16 16 16 16 12 12 12 12 12 12 16 16 16
0 0 0 20 20 20 20 20 20 20 20 20 19 2 2 6 6 6 6 4 4 4 14 14 14 14 14 14 14 14 9 9 9 9 9 9 5 10 10 15 15 17 17 17 17 17 7 7 23 23 23 23 23 16 16 16 12 12 12 12 16 16 16
0 0 0 20 20 20 20 20 20 19 19 2 2 6 6 6 6 4 4 4 14 14 14 14 14 14 14 9 9 9 9 9 9 5 5 10 10 15 15 15 13 13 17 17 17 7 7 23 23 23 16 16 12 12 12 12 12 12 16 16 23
0 0 0 11 11 13 20 20 20 19 19 2 2 6 6 6 4 4 4 14 14 14 14 14 9 9 9 9 5 5 10 21 15 17 17 17 17 7 7 23 23 23 23 16 16 12 12 1 12 12 12 16
0 0 0 0 0 20 20 20 20 19 2 2 6 6 6 4 4 14 14 14 14 14 14 9 9 9 9 9 3 5 5 10 15 15 15 15 17 17 17 17 7 7 7 23 16 16 16 12 12 12 12 12 12 16 23
0 0 0 0 20 20 20 20 20 20 19 2 2 6 6 4 4 4 4 14 14 14 14 14 14 9 9 9 9 9 5 5 5 10 15 15 15 17 17 17 17 7 7 23 23 23 23 16 16 16 12 12 12 12 12 16 7
0 0 20 20 20 19 2 4 4 4 18 18 18 9 9 5 21 17 17 17 7 23 16 12 12 16 16
11 11 11 11 11 11 11 20 20 20 20 19 2 2 6 6 6 6 4 4 14 14 14 18 18 18 14 14 14 14 9 9 9 9 5 5 5 15 15 15 17 17 17 17 17 7 7 23 23 23 16 16 12 12 12 1 1 1 12 12 12 16
11 11 11 11 11 20 20 19 2 2 6 6 6 4 14 14 14 14 14 9 9 9 9 5 10 10 15 17 17 17 17 7 7 23 16 12 12 1 1 1 1 12 12 16 16
0 0 0 20 20 19 19 6 6 6 4 4 14 14 14 14 9 9 9 9 5 10 15 15 17 17 7 7 23 23 23 16 16 12 12 16 16
11 0 0 11 11 11 20 11 13 13 13 20 20 20 20 19 19 19 2 2 6 6 6 4 4 4 4 4 4 14 14 14 18 18 18 18 14 14 14 9 9 9 9 3 5 5 10 10 21 21 21 21 21 21 21 7 23 23 23 23 23 23 16 12 12 1 1 12 12 16 16 23 23 23 23
0 0 0 0 0 11 11 11 11 20 20 20 20 20 20 20 20 19 19 2 2 6 6 6 4 4 4 4 4 4 4 14 14 18 18 14 14 4 4 4 9 9 9 14 9 18 18 15 15 15 15 15 15 15 13 13 13 17 17 17 17 17 17 17 7 7 7 7 7 7 7 23 23 16 12 12 1 1 8 8 8 8 8 8 8 8 1 1 1 12 12 16 16 16 16 23 23 23
0 0 0 0 20 20 20 20 20 20 20 19 19 2 2 6 6 6 4 4 14 14 18 18 14 14 9 9 9 9 9 3 3 10 21 21 17 17 17 17 17 17 17 17 17 7 7 7 23 23 23 23 16 12 12 1 1 1 1 12 12 12 12
11 11 11 11 11 11 11 11 13 13 13 13 13 20 20 20 20 19 19 19 2 2 6 6 6 6 4 4 4 4 14 14 14 18 18 18 18 14 14 14 14 9 9 9 9 9 9 9 3 5 5 10 10 21 21 21 17 17 17 17 7 7 7 7 23 23 23 23 16 16 12 12 12 12 12 12 12 12 16 16
0 0 0 11 11 11 20 20 13 13 20 20 20 19 19 2 2 6 6 6 4 4 4 4 14 14 18 18 18 18 18 18 14 14 9 9 9 9 9 5 5 5 10 21 21 17 17 17 17 17 17 7 7 7 7 23 23 23 23 23 16 16 12 1 1 1 1 1 1 12 16
0 0 0 0 0 0 0 19 19 20 20 20 19 19 2 2 2 6 6 6 6 4 4 4 4 4 14 18 18 18 18 18 18 18 18 18 18 14 14 14 9 9 9 9 3 5 5 10 21 21 21 21 17 17 17 17 7 7 7 7 7 23 23 23 23 23 23 16 12 12 1 1 1 1 1 1 1 12 16 23 23 23 23
0 0 19 19 19 19 19 19 19 19 19 19 20 19 19 19 19 2 2 2 6 6 6 4 4 4 4 4 14 14 14 18 18 18 18 18 18 18 18 18 14 14 14 14 9 9 9 9 3 3 5 5 10 10 21 17 17 17 17 17 17 17 17 7 7 7 23 23 23 23 23 23 23 16 12 12 1 1 1 1 1 1 12 12 16 23 23 23 23
11 11 11 11 11 11 11 11 11 13 13 13 13 13 20 20 20 20 20 20 0 19 19 19 19 19 19 2 2 2 2 2 6 6 6 6 6 6 6 6 6 6 6 4 4 4 14 14 14 18 18 18 18 18 18 15 15 15 15 15 15 15 15 15 15 15 18 18 18 18 18 14 14 14 14 9 9 9 9 9 9 9 9 9 9 5 5 5 5 5 5 10 10 10 21 21 21 21 17 17 17 17 17 17 17 17 17 17 17 17 17 17 7 7 7 7 7 23 23 23 23 23 23 23 16 16 16 16 16 12 12 1 1 1 8 8 8 8 8 8 8 8 8 8 8 1 1 12 12 16 16 16 23 23 23
0 0 0 0 0 0 11 11 20 20 20 20 20 19 19 2 2 6 6 6 6 4 4 4 14 14 18 18 18 18 18 18 18 18 14 14 9 9 9 9 9 9 3 3 5 21 21 17 17 17 17 17 17 17 7 7 7 23 23 23 23 16 16 16 12 12 1 1 8 8 8 8 1 1 12 16 23 23 23
0 0 0 0 0 20 20 20 20 20 19 19 2 2 6 4 4 4 4 14 14 18 18 18 14 14 14 14 9 9 9 9 5 10 15 15 17 17 17 17 17 7 7 7 23 23 23 23 23 16 12 1 1 1 1 1 12 16 23 23
0 0 0 11 11 11 20 20 20 19 2 2 6 4 4 4 4 14 18 18 18 14 14 14 4 9 9 9 9 5 10 15 17 17 17 17 17 7 7 23 23 23 16 16 12 1 1 1 1 1 12 16 16 23
0 0 0 0 0 0 19 20 20 20 19 19 19 2 2 6 6 6 6 4 4 4 4 4 14 18 18 18 18 18 18 18 18 18 18 14 14 4 9 9 9 9 9 9 9 5 5 10 10 21 21 17 17 17 17 17 17 17 17 17 17 7 7 23 23 23 23 23 23 23 23 16 16 12 12 12 1 1 12 12 12 16 23 23 23
0 0 19 19 19 19 19 19 19 19 19 19 2 2 2 6 6 6 4 4 4 4 4 4 14 18 18 18 18 18 18 18 18 14 14 14 9 9 9 9 5 5 5 10 15 17 17 17 17 17 17 7 7 7 7 23 23 23 23 23 23 16 16 12 12 1 1 1 1 12 12 16 23 23 23
0 0 0 0 19 19 19 19 19 19 20 20 19 19 19 2 2 6 6 6 4 4 4 4 14 14 14 18 18 18 18 18 18 18 18 14 14 14 9 9 9 9 9 9 5 5 10 10 15 17 17 17 17 17 17 17 17 17 7 7 23 23 23 23 23 23 23 16 16 12 12 1 1 1 1 12 16 16 23 23 23
0 0 0 0 0 19 20 20 20 20 20 19 19 2 6 6 6 4 4 4 4 4 14 14 14 18 18 18 15 18 18 18 18 14 14 14 9 9 9 9 9 5 5 10 21 21 17 17 17 17 17 17 7 7 23 23 23 23 23 23 16 16 12 1 1 1 1 12 16 16 23 23
0 0 0 0 19 19 19 19 19 19 19 19 19 19 19 2 2 2 6 6 6 4 4 4 4 4 4 4 14 18 18 18 18 18 18 18 18 18 18 14 14 14 9 9 9 9 9 3 5 5 10 10 10 21 21 17 17 17 13 17 17 17 7 7 23 23 23 23 23 23 23 23 16 16 12 12 12 12 12 12 12 16 23 23 23 23 23
0 0 0 0 0 0 0 0 20 20 20 20 20 19 19 19 2 2 2 6 6 6 6 4 4 4 4 4 14 14 14 18 18 18 18 14 14 14 14 14 9 9 9 9 9 9 5 5 10 21 21 17 17 17 17 17 17 17 17 17 17 17 7 7 7 23 23 23 23 23 23 16 16 16 12 12 1 1 1 1 1 1 1 12 16 16 23 23
0 0 0 11 11 11 11 11 13 13 13 20 20 20 19 19 2 6 6 4 4 4 4 14 14 14 18 18 18 14 14 14 4 9 9 9 9 9 5 10 15 15 17 17 17 17 17 7 7 7 23 23 23 23 16 16 12 12 12 1 1 1 12 12 16 16 16
0 0 0 2 4 14 9 9 5 15 15 17 7 1 10 10 16 16 23
0 0 0 0 0 0 0 19 19 19 19 2 2 2 6 6 6 6 6 6 6 4 4 4 4 4 4 6 6 14 2 18 18 18 14 14 14 14 14 14 9 9 9 5 5 5 10 10 15 15 15 15 15 17 17 17 13 13 13 13 17 17 17 17 7 7 7 7 7 7 7 23 23 23 23 23 23 16 16 16 12 12 1 1 1 1 8 8 8 8 10 10 10 10 10 21 21 16 16 16 16 16
0 0 0 0 0 0 0 0 20 20 19 19 19 19 2 2 2 6 6 6 6 4 4 4 4 4 4 4 4 14 14 14 14 18 14 14 14 14 14 14 9 9 9 9 9 9 5 5 10 10 10 15 15 15 15 15 17 13 13 13 17 17 17 17 17 7 7 7 7 23 23 23 23 23 23 16 16 12 12 1 1 1 1 1 1 10 10 21 21 16 16 16 16 16 16
