13 13 13 20 20 19 19 2 6 6 6 6 4 14 14 14 14 14 14 14 9 9 9 9 5 5 10 10 15 15 13 13 13 22 22 22 11 11 22 22 13 17 7 7 7 23 16 16 12 12 1 1 1 8 8 8 1 1 12
13 13 13 13 13 20 20 0 19 19 2 6 6 6 6 6 4 4 4 4 14 14 14 14 14 14 14 4 4 4 9 9 9 9 9 5 5 5 5 10 10 10 21 21 21 15 15 15 15 17 13 13 13 13 13 13 13 13 13 17 17 7 7 23 23 16 16 16 16 16 16 12 12 12 12 12 16 16 16 16
13 13 13 13 20 20 20 19 19 2 2 6 6 6 6 4 4 4 4 4 4 4 14 14 14 14 14 14 14 14 9 9 9 9 9 3 3 5 5 5 5 10 10 21 15 15 15 15 13 13 13 11 11 11 11 11 11 11 11 13 13 13 17 17 7 7 7 7 23 23 23 16 16 16 16 12 12 1 1 1 1 12 12 12 16 16 12
13 13 13 13 13 20 20 19 19 2 2 6 6 6 6 4 4 14 14 14 14 14 14 14 9 9 9 9 3 3 3 3 5 5 10 15 15 13 13 13 11 11 11 11 11 11 22 13 17 17 17 7 7 7 23 16 16 16 12 12 1 1 1 1 1 1 12 12 12
13 13 13 20 20 20 20 19 19 2 2 6 6 6 4 4 4 4 4 9 14 14 14 14 9 9 9 3 3 3 3 3 5 5 10 10 21 15 15 15 13 13 13 11 11 11 0 0 0 0 0 20 13 13 17 17 17 7 7 23 23 23 23 16 16 12 12 1 1 1 1 1 10 12 12 12
15 15 20 20 20 20 19 19 19 2 2 6 6 4 4 4 4 4 4 14 14 14 14 14 14 14 9 9 9 9 3 5 5 5 10 10 15 15 20 13 11 11 11 11 11 11 11 13 13 13 17 17 7 7 7 23 23 23 23 23 16 16 16 12 12 12 1 1 12 12 12 12 16
15 15 20 20 20 19 2 2 6 6 4 4 14 14 14 14 14 9 9 3 3 3 5 10 21 21 17 13 22 11 11 11 11 11 11 13 17 17 7 7 23 23 16 12 1 1 1 1 1 1 1 12 12
13 13 13 13 13 20 19 2 6 6 4 4 4 4 14 14 14 9 9 9 9 3 5 10 15 15 13 13 11 11 11 11 11 13 17 17 7 23 16 12 12 1 1 1 1 1 12 12
13 13 20 20 19 2 6 6 4 4 14 14 14 14 14 9 9 3 3 5 10 15 20 11 11 11 11 11 17 17 7 7 7 23 16 16 12 1 1 1 10 12 12
13 13 13 13 13 13 20 20 19 2 2 6 4 4 4 4 14 14 14 14 14 14 9 9 9 9 3 3 5 5 10 15 15 20 11 11 11 11 11 11 11 13 17 17 7 7 23 23 16 16 16 12 1 1 1 8 1 10 10 12 12
15 15 13 13 13 13 20 20 19 19 2 2 6 6 4 4 4 14 14 14 14 14 14 9 9 9 3 3 3 5 10 10 15 15 13 13 11 11 11 11 11 11 11 22 13 17 7 7 7 7 16 16 12 12 1 1 1 1 8 1 12 12 12
15 15 13 13 13 13 20 20 20 20 19 19 19 2 2 6 6 6 4 4 4 4 14 14 14 14 14 9 9 9 3 3 3 8 8 10 10 21 17 17 13 13 13 13 13 13 13 13 17 7 23 23 16 16 12 12 12 12 16 16 23 16
15 13 13 13 13 13 13 13 20 20 20 19 19 19 2 2 2 6 6 6 6 4 4 4 4 4 4 4 4 14 4 4 4 4 9 9 9 9 9 9 9 9 9 3 5 5 5 10 10 10 15 15 15 15 13 13 13 11 11 11 11 0 0 0 0 0 0 20 20 20 20 15 17 17 7 7 7 7 23 23 23 23 23 23 23 16 16 16 16 12 12 12 1 1 1 1 12 12 12 12 16 16 16 23 23 16
13 13 13 11 20 0 19 19 2 2 2 2 6 6 6 6 6 6 6 6 6 4 4 4 4 9 9 9 9 9 9 9 5 5 5 5 10 10 10 10 15 15 15 15 13 13 13 13 13 13 13 13 17 17 17 17 7 7 7 23 23 23 16 16 16 12 12 12 1 1 1 1 1 1 1 12 12 12 16
11 11 20 19 19 6 4 4 4 4 9 9 9 3 5 10 10 17 17 13 13 13 13 20 11 20 0 0 0 0 20 20 20 13 17 17 7 23 16 16 12 1 1 8 8 8 8 8 10 10 12
15 15 15 15 15 15 13 13 13 13 20 20 20 20 20 19 19 19 19 19 2 2 2 2 2 2 6 6 6 6 6 6 6 6 6 4 4 4 4 4 4 4 4 4 14 14 14 14 14 14 14 14 18 18 14 14 14 14 14 14 14 14 9 9 9 9 9 9 3 3 3 5 5 10 10 10 10 10 21 21 21 21 21 17 17 17 17 17 17 17 22 22 22 22 22 22 11 11 11 11 20 20 20 20 15 15 15 15 15 21 21 21 21 7 7 23 23 23 23 23 23 23 23 16 16 16 16 12 12 12 12 12 12 12 12 16 16 16 16 23 23
13 20 20 20 20 20 20 20 20 19 19 19 19 19 19 19 2 2 2 2 2 2 6 6 6 6 6 6 4 4 4 4 4 4 4 4 4 14 14 14 14 14 14 18 14 14 14 9 9 9 9 9 9 3 3 3 3 3 3 5 5 5 5 5 10 10 10 10 10 10 21 21 21 21 21 21 21 21 17 17 17 17 17 13 13 13 13 13 13 13 13 20 20 11 20 20 13 13 13 13 17 17 17 17 7 23 23 23 23 23 16 16 16 16 16 16 16 16 16 16 16 16 16 16
20 20 2 6 4 4 14 14 9 9 3 5 21 15 13 20 11 0 0 13 17 7 23 16 16 12 1 12 16 23
13 13 20 19 2 6 4 4 14 14 14 9 9 9 3 10 21 15 13 11 11 0 11 13 17 7 7 23 7 21 10 8 8 1 12 16 23
20 20 20 20 20 20 20 19 19 19 19 2 2 2 2 6 6 6 6 6 6 6 6 4 4 4 4 4 4 4 4 4 14 14 14 14 14 14 14 14 14 14 14 14 9 9 9 9 9 5 5 5 5 5 10 10 10 15 15 15 15 15 15 15 15 15 13 13 13 13 13 13 13 13 13 13 11 20 20 20 13 13 13 13 13 15 17 17 17 17 7 7 7 7 23 23 23 23 16 16 16 16 12 12 12 1 1 1 1 1 1 1 10 10 10 12 16 16 16 23 23 23 23 23 23 23 23
20 20 20 20 19 19 2 2 2 2 6 6 6 6 6 4 4 4 4 14 14 18 18 18 18 18 18 14 14 4 4 4 4 9 9 9 9 3 5 5 10 10 10 21 21 21 21 17 17 17 17 17 13 13 13 13 13 13 13 13 13 13 13 13 13 17 17 17 7 7 23 23 16 16 16 12 12 1 1 1 1 1 1 12 12 16 16 23 16 16 16
20 20 20 20 20 19 19 2 2 2 6 6 6 6 6 6 6 4 4 4 4 4 14 14 14 18 18 14 14 14 14 14 14 9 9 9 9 3 3 3 5 10 10 10 10 21 21 21 17 17 17 17 13 13 13 13 13 13 13 13 13 13 13 13 13 13 13 17 17 7 7 7 23 16 16 16 16 16 16 16 12 12 12 12 12 12 12 16 16 16 16 16 23
15 15 15 15 15 20 20 20 19 2 2 2 6 6 6 4 4 4 4 4 4 4 4 4 4 4 4 4 9 9 9 9 5 5 5 18 18 15 15 15 15 20 20 20 20 20 20 20 11 11 11 11 20 13 13 13 13 17 17 17 7 7 23 23 23 16 16 16 16 12 12 12 1 1 1 1 12 12 12 12 16 16 16 16 16
13 20 20 19 2 6 6 4 4 4 4 14 14 18 18 18 18 18 14 9 9 9 9 5 5 10 15 15 15 13 11 11 11 11 11 13 13 17 17 7 7 23 23 23 16 12 12 12 1 1 12 12 12 16
15 15 15 20 20 20 20 19 2 2 2 6 6 6 6 4 4 4 4 14 14 14 14 14 14 14 4 9 9 9 9 9 9 9 5 10 10 10 21 15 15 13 13 13 13 11 11 11 11 11 11 13 13 13 13 17 17 7 7 23 16 16 16 12 12 12 12 12 12 12 16 16 16 16 23 23
13 13 13 13 20 20 20 19 19 2 2 6 6 6 4 4 4 4 14 14 14 14 14 14 14 4 4 4 9 9 9 9 9 5 5 5 10 10 15 15 13 13 13 11 11 11 11 11 11 11 20 13 13 13 17 17 7 7 23 23 16 16 16 16 12 12 12 1 1 1 12 12 12 16 16 16 16
15 15 13 13 13 20 20 19 19 2 2 2 6 6 6 4 4 4 4 14 14 14 14 14 14 14 14 9 9 9 9 9 3 3 5 5 10 10 15 17 13 13 13 22 11 11 11 11 11 11 11 11 13 13 17 17 7 7 23 16 16 16 12 12 12 1 1 1 1 1 1 12 12 16 16 16
13 13 13 20 19 2 2 6 4 14 14 14 14 14 14 4 9 9 3 3 10 15 15 20 20 0 0 11 11 13 17 7 23 23 16 12 12 12 12 12 16 23 23
13 13 20 20 19 2 2 6 6 4 14 14 14 18 18 18 14 14 4 4 9 9 9 9 9 5 5 10 15 15 15 13 11 11 11 11 11 11 13 13 17 17 7 23 23 23 16 16 12 12 1 1 12 12 12 16 16 23
15 15 13 13 20 20 20 19 19 2 2 6 6 4 4 4 4 4 14 14 14 9 9 9 9 9 9 3 3 3 5 5 10 10 15 15 13 13 13 11 11 11 11 11 11 11 11 11 13 13 17 17 7 7 16 16 16 12 12 12 12 1 1 1 12 12 16 16 16 23 23
20 20 19 2 2 2 6 6 6 6 4 4 4 4 4 4 14 14 14 14 18 18 18 18 18 14 14 14 14 9 9 9 9 9 3 5 5 5 10 10 10 15 15 15 13 13 13 13 13 11 11 11 11 11 11 0 20 20 20 13 17 17 17 7 23 23 23 23 16 16 16 16 16 12 12 12 12 12 12 12 16 23 23 23 23
11 11 0 0 19 19 2 2 2 6 6 6 6 6 4 4 4 4 14 14 14 14 14 14 14 14 9 9 9 9 3 3 3 5 5 5 5 10 10 10 10 15 15 15 15 15 13 20 20 20 20 20 11 11 13 13 13 17 17 17 7 7 23 23 23 23 16 16 16 16 12 12 12 12 12 16 16 23 23 23
13 13 13 13 20 20 0 19 19 19 2 2 2 2 6 6 6 6 6 4 4 4 4 14 14 14 14 18 14 14 14 14 14 14 9 9 9 3 3 3 3 5 5 10 10 10 10 21 21 15 15 15 15 13 13 13 13 13 13 13 17 17 17 17 7 7 23 23 23 16 16 16 12 12 12 12 12 16 16 16 23 23
11 11 20 0 19 19 2 6 6 6 6 4 4 4 14 14 14 14 14 9 9 9 9 3 3 5 10 10 10 15 15 15 13 13 13 13 13 13 13 13 13 17 7 7 23 23 16 16 16 12 12 12 12 12 16 16 23
15 15 15 15 15 15 15 15 20 20 20 20 20 19 19 19 2 2 2 6 6 6 4 4 4 4 4 4 4 4 4 4 4 14 14 14 14 14 14 14 9 9 9 9 3 3 3 3 3 8 5 10 10 10 10 21 15 15 15 13 20 20 20 20 0 0 0 0 0 20 20 20 20 13 13 13 17 17 7 7 7 23 23 23 23 23 16 16 16 16 16 16 16 16 16 23 23 23 23 23
20 20 20 20 20 20 19 19 2 2 2 6 6 6 6 4 4 4 4 14 14 14 14 14 14 14 14 9 9 9 3 3 3 3 3 8 5 10 10 10 21 21 17 17 13 13 13 13 11 11 11 11 13 13 13 17 7 7 23 23 23 16 16 16 12 12 12 12 16 16 16 16 23
13 20 20 19 19 2 2 6 6 6 6 4 4 4 14 14 14 14 14 14 9 9 9 9 3 3 5 5 10 10 15 15 15 15 20 20 20 20 20 13 13 13 17 17 7 7 23 23 16 16 16 16 12 12 12 12 16 16 23
18 18 18 15 15 15 20 20 19 19 2 6 6 4 4 4 4 4 9 9 9 9 9 3 3 5 10 10 15 15 15 13 13 13 11 11 0 0 0 0 11 13 13 17 7 7 23 16 16 16 12 12 1 12 12 16 16 16 23 16
15 13 13 13 20 20 19 19 2 2 2 6 6 6 6 6 4 4 4 4 14 4 14 14 9 9 9 9 5 5 5 18 15 15 15 15 13 13 13 13 13 13 13 17 17 7 23 23 23 23 16 16 12 12 12 12 12 12 16 16 16
13 13 13 13 11 20 19 19 2 2 6 6 6 4 4 4 4 14 14 14 14 14 14 14 14 9 9 9 5 5 5 10 15 15 13 13 13 13 22 22 22 22 17 17 7 23 23 16 16 12 12 12 1 1 1 1 12 12 12 16
13 13 13 13 11 20 19 19 2 2 6 6 6 4 6 4 4 4 4 4 4 4 9 9 9 3 5 5 10 10 15 15 13 13 13 13 13 13 13 13 13 13 13 17 7 7 7 23 16 16 12 12 12 1 1 1 12 12 12 12 12
13 13 13 20 20 20 19 19 2 2 6 6 6 4 4 4 14 14 14 14 14 9 9 9 9 9 3 5 5 18 15 15 20 20 20 20 13 13 13 17 17 7 7 23 23 16 16 12 12 12 12 12 12 16 16 23
13 13 13 13 20 19 19 2 2 6 6 6 6 4 4 14 14 14 14 14 14 9 9 9 3 3 5 5 5 15 15 15 13 13 13 22 22 17 17 7 7 23 16 16 16 12 12 12 12 12 12 16 16
13 13 13 20 20 19 19 2 2 6 6 6 6 4 4 4 4 4 4 9 9 9 9 5 5 5 10 15 15 15 13 13 13 11 13 13 13 17 17 7 7 23 23 16 16 12 12 12 12 12 12 12 16 16
13 13 13 20 20 19 2 2 6 6 6 6 4 4 4 4 14 14 14 4 9 9 9 3 3 5 5 5 10 15 15 15 15 20 20 20 20 20 20 20 20 13 13 17 17 7 23 23 23 23 16 16 16 12 12 12 12 12 16 16 23
13 13 13 20 20 19 19 19 2 2 2 6 6 6 6 4 4 4 14 14 14 14 14 18 14 14 14 9 9 9 9 3 3 3 3 3 5 10 10 10 10 21 15 15 15 20 20 20 20 20 20 0 20 20 20 20 15 15 17 7 7 23 23 23 23 23 23 16 16 16 16 16 16 16 16 23 23
20 20 20 20 20 19 19 2 2 6 6 6 4 4 4 14 14 14 14 14 14 14 9 9 9 9 9 5 5 5 15 15 15 15 13 13 13 13 13 13 13 13 13 17 17 7 7 7 23 23 23 16 16 16 12 12 12 12 12 12 12 16
20 13 20 20 19 2 2 6 4 4 4 14 4 9 9 9 5 5 18 15 20 13 13 13 13 17 17 23 23 16 16 12 12 12 12 16 23
13 13 13 13 11 0 19 2 6 6 4 4 14 14 14 9 9 9 3 3 3 10 10 15 20 20 11 11 13 13 7 7 23 23 16 12 12 1 1 12 12 16
19 19 19 19 2 2 2 6 6 6 6 4 4 4 4 4 14 14 14 14 14 18 18 14 14 14 14 9 9 5 5 5 5 10 10 10 10 10 15 15 15 15 15 20 20 20 20 19 19 19 19 19 19 19 20 20 15 15 17 17 7 7 7 7 23 23 23 7 7 7 7 16 16 16 12 12 12 16 16 16 23 23 23 23 23
13 13 13 20 20 11 20 20 0 19 19 2 2 2 6 6 6 6 4 4 4 4 4 4 14 14 14 14 14 9 9 9 9 5 5 5 10 18 15 15 15 15 15 15 20 20 20 20 20 20 20 20 0 0 0 20 20 20 13 13 13 13 17 17 17 17 17 7 7 7 7 7 7 7 21 21 21 10 10 10 5 8 8 3 8 8 8 8 8 8 8 1 1 1 12 12 12 16 16 16 23 7 7 7 7 7 7
13 13 13 20 20 19 19 2 6 6 4 4 4 4 14 14 14 18 18 18 14 14 14 9 9 9 9 9 5 10 15 15 13 13 11 11 11 11 11 13 13 17 17 7 23 16 16 16 12 12 1 1 1 12 12 16 16 16 16
15 15 13 13 13 20 20 20 20 19 19 2 2 2 2 6 6 6 6 6 6 6 4 4 4 4 4 14 14 14 14 14 14 14 14 14 14 14 14 9 9 9 9 5 5 5 5 10 10 10 10 21 15 15 15 15 13 13 13 13 20 13 13 13 13 13 17 17 17 7 7 7 23 23 23 16 16 16 16 16 16 16 16 12 12 12 16 16 16 7 7 23 23
17 15 15 13 20 20 19 2 2 6 6 4 4 4 4 4 14 14 18 18 18 18 18 14 14 9 9 9 9 9 5 5 10 10 21 21 15 17 17 13 22 22 11 11 11 11 11 11 11 13 13 17 7 7 23 16 16 16 12 12 1 1 1 1 1 8 1 12 16 16
20 20 20 20 20 20 20 20 19 19 19 2 2 2 6 6 6 6 6 4 4 4 4 4 14 14 18 18 18 14 14 14 14 14 9 9 9 9 9 9 9 5 5 10 10 10 15 15 15 13 13 13 13 13 13 13 13 13 17 17 7 7 7 23 23 23 23 23 23 16 12 12 12 1 1 1 12 12 16 16 16 23 23 23
20 13 20 20 20 20 19 19 19 2 2 2 2 6 6 6 6 6 4 4 4 4 14 14 14 14 18 18 18 18 14 14 14 14 14 9 9 9 9 9 3 3 5 5 10 10 15 15 15 13 13 13 13 13 13 11 13 13 13 13 17 17 7 7 23 23 23 23 23 23 16 16 12 12 12 12 1 1 12 12 16 16 16 23 23
13 0 2 6 4 14 14 9 9 5 10 15 13 13 11 13 17 7 16 16 12 1 12 16
20 20 20 20 20 19 19 2 2 2 6 6 6 6 6 4 4 4 14 14 14 14 18 18 18 18 14 14 14 14 9 9 9 3 3 3 3 5 5 10 10 15 15 13 13 13 11 11 11 11 11 11 13 17 17 7 7 23 23 23 23 23 23 16 16 12 12 1 1 1 1 12 12 16 23 23 23
13 13 13 20 20 20 19 19 2 6 6 6 6 4 4 14 14 14 18 18 18 14 14 14 14 9 9 9 9 9 3 5 5 10 15 15 13 13 11 11 11 11 11 13 17 17 7 7 23 23 23 16 16 12 12 1 1 1 1 12 16 16 23 23
20 20 20 19 19 2 6 6 6 4 4 14 14 14 14 14 14 14 9 9 9 9 5 5 15 15 13 11 11 11 11 11 13 17 17 7 7 23 23 23 16 12 1 1 1 1 12 12 16 23 23
20 20 20 20 20 19 19 19 2 2 2 6 6 6 6 6 4 4 4 4 14 14 14 18 18 18 18 18 18 14 14 14 14 9 9 9 9 9 9 3 5 5 5 10 15 15 13 13 13 13 11 11 11 11 11 11 13 13 17 17 7 7 23 23 23 23 23 23 16 16 16 12 12 1 1 1 12 12 12 16 23 23 23
13 20 20 20 20 19 19 19 2 2 2 6 6 6 6 6 4 4 4 14 14 18 18 18 18 18 14 14 14 14 9 9 9 9 3 3 5 5 5 10 15 15 13 13 13 13 13 13 22 13 17 17 17 7 7 23 23 23 23 16 16 12 12 12 1 1 12 12 16 16 23 23 23
20 20 20 20 20 19 19 2 2 2 6 6 6 4 4 4 4 4 14 14 18 18 18 18 18 18 14 14 14 9 9 9 9 3 3 3 5 5 10 10 15 15 13 13 13 11 11 11 11 11 11 13 13 17 7 7 7 23 23 23 23 23 23 16 12 12 12 1 1 1 12 12 16 16 23 23 23
20 20 20 19 19 19 2 2 2 6 6 6 6 4 4 4 4 14 14 18 18 18 18 18 18 14 14 14 9 9 9 9 3 5 5 5 10 10 15 15 13 13 13 13 13 11 11 13 13 13 17 7 7 7 23 23 23 23 23 23 23 12 12 12 1 1 1 12 12 16 16 23 23
20 20 13 20 20 20 20 19 19 2 2 2 6 6 6 6 4 4 4 4 4 14 14 18 18 18 18 18 18 18 14 14 14 14 9 9 9 9 3 3 5 5 5 10 21 15 15 13 13 13 11 11 11 11 11 11 11 13 13 17 17 7 23 23 23 23 23 23 23 16 16 12 12 1 1 1 1 12 12 16 16 23
20 13 13 13 13 20 20 20 20 20 0 19 19 19 2 2 2 2 6 6 6 6 4 4 4 4 4 14 14 14 14 14 18 18 18 14 14 14 14 14 9 9 9 9 9 9 3 3 3 5 5 10 10 10 15 15 15 13 13 13 22 22 11 11 11 22 13 13 17 17 7 7 23 23 23 23 23 16 16 12 12 12 1 1 1 1 1 1 12 12 16 16 16 23 23
13 20 20 20 20 20 20 19 19 19 19 2 2 2 2 2 6 6 6 6 6 6 6 6 6 6 14 14 14 14 14 14 14 14 14 14 14 14 14 9 9 9 9 9 9 9 9 5 5 5 5 5 5 10 10 10 21 21 21 21 17 17 17 17 17 17 17 17 17 17 13 13 13 13 13 13 13 13 13 13 11 11 11 11 11 11 11 11 11 11 11 11 11 13 13 13 17 17 17 17 17 7 7 7 7 23 16 16 16 16 16 16 12 12 12 1 1 8 8 8 8 8 8 8 8 3 3 3 3 3 8 8 10 10 10 12 12 12 16 16 16 16 16
20 20 6 4 14 18 14 9 3 10 20 11 11 11 17 23 12 1 10 21 23 23
15 15 15 13 13 13 13 13 20 20 20 19 19 19 19 2 2 2 2 6 6 6 6 4 4 4 4 4 4 4 4 14 14 14 14 14 14 14 14 14 14 9 9 9 9 3 3 3 3 3 3 3 5 5 10 10 10 10 10 21 21 21 21 15 15 17 17 13 13 13 13 11 11 11 11 11 11 11 11 11 11 11 13 13 17 17 17 7 7 7 7 23 23 23 23 23 23 16 16 12 12 12 1 1 1 1 1 1 10 12 21 16 16 16 16
